0 47
1 38
2 41
3 37
4 44
5 47
6 52
7 59
8 52
9 59
10 60
11 69
12 70
13 76
14 78
15 82
16 81
17 92
18 93
19 95
20 95
21 100
22 111
23 104
24 109
25 112
26 114
27 114
28 124
29 123
30 125
31 136
32 134
33 131
34 951
35 144
36 153
37 160
38 155
39 173
40 145
41 146
42 148
43 160
44 155
45 154
46 166
47 164
48 161
49 173
50 174
51 172
52 157
53 157
54 160
55 161
56 166
57 164
58 172
59 173
60 188
61 180
62 182
63 188
64 189
65 190
66 186
67 197
68 197
69 189
70 198
71 205
72 196
73 196
74 189
75 192
76 196
77 201
78 204
79 211
80 217
81 214
82 212
83 206
84 206
85 207
86 229
87 306
88 461
89 272
90 232
91 213
92 213
93 220
94 219
95 218
96 208
97 205
98 216
99 241
100 242
101 218
102 226
103 226
104 256
105 255
106 240
107 234
108 247
109 270
110 280
111 265
112 262
113 264
114 286
115 275
116 277
117 282
118 263
119 257
120 248
121 291
122 601
123 458
124 400
125 329
126 297
127 292
128 289
129 362
130 361
131 319
132 284
133 294
134 291
135 303
136 306
137 294
138 321
139 416
140 461
141 453
142 363
143 332
144 324
145 322
146 328
147 321
148 365
149 376
150 364
151 329
152 353
153 385
154 392
155 417
156 434
157 379
158 729
159 344
160 331
161 358
162 337
163 374
164 391
165 381
166 355
167 411
168 370
169 410
170 365
171 423
172 464
173 401
174 408
175 379
176 467
177 875
178 478
179 427
180 444
181 455
182 406
183 391
184 365
185 369
186 528
187 401
188 405
189 452
190 446
191 491
192 408
193 414
194 405
195 449
196 443
197 487
198 435
199 397
200 392
201 387
202 403
203 399
204 469
205 428
206 501
207 458
208 427
209 447
210 491
211 492
212 468
213 465
214 451
215 434
216 429
217 440
218 458
219 550
220 501
221 454
222 499
223 487
224 466
225 435
226 457
227 459
228 447
229 476
230 559
231 501
232 461
233 490
234 585
235 504
236 493
237 500
238 556
239 563
240 563
241 506
242 576
243 596
244 536
245 502
246 515
247 607
248 543
249 672
250 540
251 527
252 579
253 556
254 733
255 528
256 523
257 569
258 632
259 591
260 548
261 541
262 773
263 534
264 637
265 626
266 620
267 600
268 794
269 566
270 595
271 566
272 532
273 641
274 602
275 555
276 673
277 675
278 803
279 686
280 731
281 739
282 690
283 662
284 701
285 725
286 722
287 716
288 765
289 692
290 839
291 672
292 655
293 685
294 666
295 670
296 608
297 616
298 659
299 664
300 596
301 661
302 639
303 641
304 626
305 718
306 672
307 692
308 653
309 667
310 672
311 712
312 710
313 661
314 635
315 661
316 740
317 695
318 1852
319 742
320 702
321 689
322 736
323 732
324 747
325 665
326 682
327 734
328 697
329 834
330 657
331 668
332 847
333 718
334 681
335 700
336 737
337 737
338 859
339 777
340 762
341 748
342 848
343 758
344 835
345 952
346 993
347 936
348 870
349 912
350 851
351 841
352 780
353 697
354 797
355 798
356 791
357 705
358 749
359 795
360 857
361 800
362 772
363 819
364 834
365 841
366 767
367 822
368 796
369 802
370 720
371 834
372 829
373 877
374 874
375 859
376 744
377 798
378 861
379 866
380 2316
381 814
382 824
383 825
384 877
385 835
386 954
387 859
388 907
389 815
390 901
391 875
392 791
393 784
394 865
395 873
396 783
397 845
398 913
399 864
400 864
401 933
402 930
403 833
404 852
405 962
406 877
407 837
408 1997
409 1009
410 894
411 1171
412 929
413 908
414 1036
415 989
416 812
417 892
418 1053
419 824
420 904
421 893
422 915
423 858
424 868
425 968
426 957
427 857
428 907
429 865
430 1045
431 974
432 922
433 922
434 966
435 1033
436 996
437 964
438 1362
439 983
440 1085
441 958
442 918
443 1097
444 982
445 1066
446 949
447 945
448 1005
449 958
450 1074
451 1192
452 1387
453 1249
454 2534
455 1131
456 1036
457 988
458 1151
459 2123
460 1027
461 1035
462 1026
463 958
464 2160
465 1066
466 995
467 1079
468 1108
469 1094
470 1031
471 1029
472 1083
473 1277
474 1045
475 1042
476 1003
477 1124
478 1417
479 1142
480 1015
481 1087
482 982
483 963
484 1172
485 1276
486 1230
487 1266
488 1279
489 1120
490 1229
491 1501
492 1149
493 1126
494 1008
495 1097
496 1071
497 1099
498 1102
499 1082
500 1177
501 1101
502 1130
503 1086
504 1146
505 1205
506 1109
507 1118
508 1130
509 1164
510 1164
511 1114
512 1193
513 2162
514 1067
515 1083
516 1107
517 1114
518 1135
519 1090
520 1187
521 1173
522 1215
523 1177
524 1320
525 1091
526 1808
527 1241
528 1051
529 1336
530 1208
531 1333
532 1276
533 1219
534 1178
535 1179
536 1423
537 1277
538 1214
539 1277
540 1209
541 1251
542 1240
543 1286
544 1171
545 1235
546 1170
547 1365
548 1191
549 1248
550 1260
551 1320
552 1157
553 1207
554 1108
555 1196
556 1192
557 1241
558 1129
559 1232
560 1412
561 1196
562 1320
563 1320
564 1275
565 1238
566 1286
567 1377
568 1272
569 1374
570 1315
571 1280
572 1254
573 1355
574 1258
575 1291
576 1232
577 3053
578 1384
579 1411
580 1340
581 1380
582 1361
583 1415
584 1359
585 1532
586 1534
587 1353
588 1359
589 1411
590 1361
591 1281
592 1295
593 1524
594 1518
595 1352
596 1571
597 1719
598 1359
599 1488
600 1483
601 1450
602 1465
603 1592
604 1465
605 1560
606 1552
607 1690
608 1682
609 1611
610 1674
611 1492
612 1595
613 1505
614 1448
615 1611
616 1583
617 1527
618 1928
619 1499
620 1412
621 1558
622 1595
623 1429
624 1593
625 1551
626 2132
627 2073
628 2017
629 2108
630 1912
631 1894
632 2107
633 2181
634 1898
635 1705
636 1859
637 1872
638 2486
639 1844
640 1844
641 2023
642 1781
643 3320
644 3231
645 1765
646 1729
647 1747
648 1773
649 4261
650 1738
651 1696
652 1591
653 1773
654 1765
655 1750
656 1947
657 3135
658 1784
659 1583
660 1780
661 1752
662 1579
663 1737
664 1586
665 1638
666 1770
667 2981
668 1907
669 1864
670 1696
671 1556
672 1706
673 1682
674 1765
675 1740
676 1870
677 1900
678 1571
679 1659
680 1670
681 1633
682 1493
683 1644
684 1609
685 1504
686 1699
687 1624
688 1910
689 1823
690 1498
691 1747
692 1597
693 1816
694 1672
695 1408
696 1495
697 1904
698 1668
699 1618
700 1524
701 1574
702 1559
703 1821
704 2452
705 2624
706 2401
707 2486
708 2401
709 2990
710 2029
711 2135
712 2069
713 2065
714 2228
715 2418
716 2226
717 2286
718 3907
719 2368
720 2382
721 2471
722 2365
723 2471
724 2502
725 2447
726 2191
727 2274
728 2269
729 2281
730 4052
731 2208
732 2157
733 2195
734 2358
735 2240
736 2340
737 2110
738 1960
739 2299
740 2296
741 2289
742 2062
743 2179
744 2258
745 1830
746 2045
747 2495
748 1797
749 1677
750 1863
751 2690
752 1769
753 1688
754 2100
755 1983
756 1669
757 1717
758 1736
759 1657
760 1919
761 1770
762 1674
763 1773
764 1679
765 1596
766 1665
767 2005
768 1727
769 1919
770 2106
771 1922
772 2137
773 1997
774 2133
775 1899
776 1773
777 1781
778 1907
779 2021
780 1719
781 2023
782 3450
783 1795
784 1809
785 1880
786 1906
787 1788
788 1760
789 1829
790 1665
791 1700
792 1912
793 1760
794 1782
795 1811
796 2406
797 2145
798 1906
799 2053
800 2478
801 2015
802 1946
803 2474
804 2022
805 2000
806 2205
807 2358
808 1980
809 2053
810 2086
811 2092
812 2038
813 2278
814 2247
815 2138
816 2027
817 2362
818 2164
819 2042
820 2164
821 2068
822 2078
823 2167
824 2788
825 2413
826 2189
827 2169
828 2152
829 3223
830 2883
831 2470
832 2489
833 3055
834 2910
835 3585
836 2597
837 2417
838 2575
839 2466
840 2689
841 2666
842 2505
843 1935
844 1835
845 1825
846 1957
847 1889
848 2067
849 1921
850 2430
851 2537
852 2459
853 2254
854 2243
855 2082
856 2033
857 1989
858 1920
859 2210
860 2089
861 2172
862 2002
863 2011
864 2246
865 1895
866 1985
867 1883
868 2255
869 1967
870 1927
871 2057
872 2624
873 1916
874 1989
875 2029
876 2051
877 1887
878 1794
879 1847
880 1806
881 1893
882 2073
883 1707
884 1811
885 1880
886 1695
887 1763
888 2180
889 3776
890 1953
891 2112
892 1965
893 2146
894 1897
895 1973
896 1969
897 1849
898 1923
899 1855
900 1873
901 1948
902 2596
903 2329
904 2324
905 2435
906 2362
907 2908
908 2842
909 2537
910 2943
911 2289
912 2910
913 2755
914 2466
915 2653
916 2648
917 3104
918 2938
919 3166
920 2490
921 2383
922 2235
923 2285
924 2211
925 2292
926 2139
927 2178
928 2155
929 2003
930 1989
931 1892
932 2040
933 1858
934 2295
935 2026
936 1965
937 2038
938 2183
939 1997
940 2082
941 2314
942 2028
943 2006
944 2249
945 2078
946 2162
947 2419
948 2227
949 2089
950 2448
951 2325
952 2201
953 2256
954 2348
955 4197
956 2229
957 2546
958 2330
959 2285
960 1840
961 2000
962 2058
963 2110
964 2463
965 2116
966 2179
967 2111
968 1954
969 2031
970 2117
971 2080
972 2457
973 3023
974 3068
975 2781
976 3775
977 2652
978 3132
979 2839
980 2989
981 2185
982 2180
983 2474
984 2113
985 2000
986 2006
987 2120
988 2425
989 2171
990 2017
991 2017
992 2270
993 2018
994 2182
995 2101
996 2085
997 2573
998 2137
999 2263
1000 2082
1001 2052
1002 1971
1003 2022
1004 2186
1005 2235
1006 2297
1007 2289
1008 2299
1009 2293
1010 2273
1011 2329
1012 2418
1013 2221
1014 2140
1015 2491
1016 2494
1017 2216
1018 2374
1019 2294
1020 2339
1021 2358
1022 2132
1023 2279
1024 2202
1025 2539
1026 2287
1027 2558
1028 2152
1029 2263
1030 2299
1031 2448
1032 2281
1033 2560
1034 2304
1035 2548
1036 2233
1037 2418
1038 2240
1039 2511
1040 2399
1041 2522
1042 2720
1043 5167
1044 2878
1045 3066
1046 4131
1047 3115
1048 3828
1049 4516
1050 3337
1051 3409
1052 2816
1053 3090
1054 2764
1055 4262
1056 2253
1057 2609
1058 2496
1059 2919
1060 3424
1061 2539
1062 2595
1063 2343
1064 2511
1065 2327
1066 2541
1067 2509
1068 2619
1069 2531
1070 2359
1071 2342
1072 3063
1073 2487
1074 2342
1075 2290
1076 2617
1077 2380
1078 2612
1079 3025
1080 3354
1081 2610
1082 3217
1083 2982
1084 3290
1085 2819
1086 2958
1087 3093
1088 2726
1089 4812
1090 3253
1091 2642
1092 2390
1093 2528
1094 2579
1095 2487
1096 2454
1097 2549
1098 2578
1099 2496
1100 2421
1101 2713
1102 2484
1103 2635
1104 2448
1105 2450
1106 2598
1107 3019
1108 3988
1109 3641
1110 3218
1111 2934
1112 5492
1113 3271
1114 2970
1115 3509
1116 3127
1117 3837
1118 3121
1119 2892
1120 2661
1121 3167
1122 2821
1123 2978
1124 2930
1125 2850
1126 2987
1127 2617
1128 3445
1129 2546
1130 5760
1131 2527
1132 2744
1133 3143
1134 3466
1135 2822
1136 3143
1137 2937
1138 2779
1139 3119
1140 2613
1141 3355
1142 2666
1143 3982
1144 2870
1145 3507
1146 3935
1147 3296
1148 5468
1149 2913
1150 3383
1151 2968
1152 3559
1153 5243
1154 2997
1155 2679
1156 4019
1157 2643
1158 3334
1159 2911
1160 4174
1161 3740
1162 4042
1163 3900
1164 4279
1165 4120
1166 3332
1167 3850
1168 4017
1169 4409
1170 4505
1171 4524
1172 4604
1173 4080
1174 4689
1175 6841
1176 4708
1177 4236
1178 3993
1179 4075
1180 4988
1181 4483
1182 4213
1183 4737
1184 4168
1185 4692
1186 5186
1187 5068
1188 3802
1189 4279
1190 4860
1191 3862
1192 4376
1193 3842
1194 4147
1195 4389
1196 3992
1197 4815
1198 4413
1199 4585
1200 4197
1201 4499
1202 4236
1203 3935
1204 4816
1205 5141
1206 4364
1207 4409
1208 4743
1209 4337
1210 4094
1211 4147
1212 3528
1213 4668
1214 3932
1215 4536
1216 7708
1217 4699
1218 4266
1219 4194
1220 3932
1221 3871
1222 3403
1223 3760
1224 4039
1225 4452
1226 4133
1227 4624
1228 4375
1229 3999
1230 4381
1231 3952
1232 3956
1233 4264
1234 4139
1235 4016
1236 4463
1237 4013
1238 3996
1239 3889
1240 3955
1241 3966
1242 5226
1243 3839
1244 4713
1245 4785
1246 4762
1247 3618
1248 5343
1249 4337
1250 6614
1251 4458
1252 4801
1253 4747
1254 4328
1255 4748
1256 4308
1257 4958
1258 3808
1259 3941
1260 2942
1261 3122
1262 3422
1263 3746
1264 3323
1265 3344
1266 3643
1267 3034
1268 3173
1269 2868
1270 3365
1271 3448
1272 3323
1273 3280
1274 3174
1275 3500
1276 3337
1277 3268
1278 2980
1279 3269
1280 3167
1281 3096
1282 3040
1283 3588
1284 3485
1285 3393
1286 3330
1287 3639
1288 3326
1289 2786
1290 2669
1291 2807
1292 2761
1293 3353
1294 2729
1295 3002
1296 2681
1297 2792
1298 2877
1299 2726
1300 2931
1301 2862
1302 2712
1303 2871
1304 2892
1305 3282
1306 2863
1307 3128
1308 3185
1309 3004
1310 2666
1311 2740
1312 2772
1313 2729
1314 2813
1315 2818
1316 2873
1317 2900
1318 2955
1319 2914
1320 2835
1321 2791
1322 2916
1323 2936
1324 2992
1325 2949
1326 2879
1327 2655
1328 2927
1329 2879
1330 2756
1331 2805
1332 2974
1333 2825
1334 3013
1335 2815
1336 2837
1337 2990
1338 2993
1339 2815
1340 3093
1341 3057
1342 2764
1343 2960
1344 2970
1345 2816
1346 2858
1347 2832
1348 2768
1349 2795
1350 3004
1351 2703
1352 2928
1353 2720
1354 2857
1355 2905
1356 3121
1357 2708
1358 3006
1359 2898
1360 2846
1361 3052
1362 2929
1363 2671
1364 3158
1365 2972
1366 3042
1367 5612
1368 2927
1369 3037
1370 2766
1371 2841
1372 3261
1373 2899
1374 2951
1375 3042
1376 2938
1377 3331
1378 3074
1379 3334
1380 3727
1381 3636
1382 3977
1383 3633
1384 3937
1385 3831
1386 3403
1387 3347
1388 3132
1389 3315
1390 3395
1391 2962
1392 3172
1393 3033
1394 3444
1395 2958
1396 2981
1397 3134
1398 3082
1399 3018
1400 3041
1401 2822
1402 2978
1403 2994
1404 3212
1405 3061
1406 4192
1407 3177
1408 3128
1409 3060
1410 3106
1411 3182
1412 3080
1413 2816
1414 3351
1415 2855
1416 5778
1417 2918
1418 3018
1419 4549
1420 3100
1421 3225
1422 3606
1423 3018
1424 3161
1425 3079
1426 3618
1427 3186
1428 3041
1429 2986
1430 3324
1431 3360
1432 3125
1433 3138
1434 3061
1435 3307
1436 2886
1437 2969
1438 3131
1439 3038
1440 2981
1441 3019
1442 3146
1443 3136
1444 2846
1445 2859
1446 3004
1447 3210
1448 3048
1449 3339
1450 3026
1451 3212
1452 3116
1453 3035
1454 3661
1455 4084
1456 3565
1457 3175
1458 3006
1459 2982
1460 2959
1461 3154
1462 2924
1463 3426
1464 3266
1465 3138
1466 2995
1467 3145
1468 3224
1469 3270
1470 3069
1471 3018
1472 3092
1473 2971
1474 3654
1475 3143
1476 3324
1477 3260
1478 3133
1479 3434
1480 3380
1481 3453
1482 3496
1483 3562
1484 3484
1485 2983
1486 3193
1487 3032
1488 3342
1489 3759
1490 3224
1491 3448
1492 3107
1493 3017
1494 3579
1495 3177
1496 3081
1497 6945
1498 3626
1499 3703
1500 3107
1501 3026
1502 3249
1503 3218
1504 3220
1505 3140
1506 3670
1507 3381
1508 2987
1509 3414
1510 3514
1511 3535
1512 3228
1513 3291
1514 3439
1515 3484
1516 3504
1517 3488
1518 3400
1519 3442
1520 3213
1521 3164
1522 3260
1523 3212
1524 3214
1525 3201
1526 3107
1527 3385
1528 3170
1529 3097
1530 6546
1531 3632
1532 3380
1533 3267
1534 3372
1535 3425
1536 3425
1537 3493
1538 3579
1539 3903
1540 3810
1541 3462
1542 3259
1543 3555
1544 3613
1545 3402
1546 3780
1547 3545
1548 3463
1549 3599
1550 3236
1551 3571
1552 3446
1553 3283
1554 3558
1555 3553
1556 3258
1557 3130
1558 3452
1559 3552
1560 3552
1561 3744
1562 3706
1563 3097
1564 3078
1565 3443
1566 3334
1567 3190
1568 3390
1569 3389
1570 3278
1571 3046
1572 3229
1573 3308
1574 3255
1575 6705
1576 3191
1577 3494
1578 6739
1579 3485
1580 3253
1581 3202
1582 3514
1583 3340
1584 3458
1585 3346
1586 3225
1587 3264
1588 3209
1589 3255
1590 3132
1591 3872
1592 3322
1593 3399
1594 3665
1595 3215
1596 3384
1597 3182
1598 3271
1599 3554
1600 3392
1601 3272
1602 3524
1603 3385
1604 3513
1605 3610
1606 3332
1607 3329
1608 3250
1609 3600
1610 3136
1611 3262
1612 3475
1613 3213
1614 3361
1615 3441
1616 3228
1617 3209
1618 3184
1619 3102
1620 3335
1621 3155
1622 3427
1623 3447
1624 3354
1625 3063
1626 3463
1627 3451
1628 3588
1629 3508
1630 3268
1631 3188
1632 4968
1633 4822
1634 4879
1635 4690
1636 10950
1637 4316
1638 5104
1639 4873
1640 4279
1641 4218
1642 4131
1643 4118
1644 4410
1645 4815
1646 4364
1647 3348
1648 3470
1649 4625
1650 4410
1651 5028
1652 3555
1653 3798
1654 3874
1655 3992
1656 5216
1657 5230
1658 4624
1659 4756
1660 4787
1661 4622
1662 4088
1663 4866
1664 4209
1665 4636
1666 5396
1667 4657
1668 4800
1669 5121
1670 4721
1671 3846
1672 3515
1673 3720
1674 3778
1675 3715
1676 3735
1677 3671
1678 3369
1679 3750
1680 3464
1681 3634
1682 3714
1683 3937
1684 5483
1685 5356
1686 5438
1687 4830
1688 4867
1689 4740
1690 5664
1691 4885
1692 5148
1693 4863
1694 3751
1695 4545
1696 8646
1697 4813
1698 4793
1699 4206
1700 4213
1701 4064
1702 3632
1703 3972
1704 3938
1705 3765
1706 3862
1707 4093
1708 4786
1709 6507
1710 4535
1711 4469
1712 4389
1713 4382
1714 5170
1715 4854
1716 5899
1717 6230
1718 6272
1719 5424
1720 6689
1721 6374
1722 6504
1723 7230
1724 6201
1725 6374
1726 6022
1727 6497
1728 6125
1729 6562
1730 9614
1731 6058
1732 6190
1733 5992
1734 5833
1735 6591
1736 6351
1737 5795
1738 6873
1739 6328
1740 5726
1741 5840
1742 6785
1743 10043
1744 5214
1745 5243
1746 4413
1747 4669
1748 4721
1749 4010
1750 4734
1751 4148
1752 4803
1753 4085
1754 4374
1755 4048
1756 4219
1757 3976
1758 4367
1759 4019
1760 3907
1761 4573
1762 4351
1763 4207
1764 4260
1765 6168
1766 4468
1767 5447
1768 5561
1769 4844
1770 4445
1771 4710
1772 4989
1773 4926
1774 4723
1775 4367
1776 4648
1777 7165
1778 4716
1779 4841
1780 4916
1781 4883
1782 4740
1783 4294
1784 9205
1785 4376
1786 4615
1787 6115
1788 6045
1789 6509
1790 6995
1791 6512
1792 6324
1793 6015
1794 6281
1795 6865
1796 6936
1797 5474
1798 5818
1799 6048
1800 6698
1801 6002
1802 6224
1803 6806
1804 6221
1805 6379
1806 5331
1807 6437
1808 5340
1809 5367
1810 6349
1811 5614
1812 6050
1813 6345
1814 11046
1815 7248
1816 6519
1817 6048
1818 4906
1819 4839
1820 4581
1821 4555
1822 4224
1823 4172
1824 4497
1825 4540
1826 5411
1827 5056
1828 4834
1829 4452
1830 4570
1831 4643
1832 4782
1833 4225
1834 3489
1835 3847
1836 4513
1837 3653
1838 4078
1839 3779
1840 3859
1841 3832
1842 4336
1843 3852
1844 3799
1845 3560
1846 3712
1847 3943
1848 3617
1849 3793
1850 3694
1851 4217
1852 3941
1853 3843
1854 4087
1855 4132
1856 3893
1857 3716
1858 3657
1859 3837
1860 3894
1861 3932
1862 3829
1863 3950
1864 3814
1865 3770
1866 3941
1867 3884
1868 3902
1869 3896
1870 3618
1871 4027
1872 3762
1873 4141
1874 4191
1875 3936
1876 4075
1877 3995
1878 3755
1879 4000
1880 4066
1881 4032
1882 3697
1883 4002
1884 4236
1885 4019
1886 4329
1887 4290
1888 4066
1889 4075
1890 4523
1891 3925
1892 4112
1893 3928
1894 4290
1895 3941
1896 4722
1897 4871
1898 4808
1899 5790
1900 6692
1901 6493
1902 6172
1903 5777
1904 5088
1905 4880
1906 5135
1907 5106
1908 4771
1909 4316
1910 5227
1911 4825
1912 5021
1913 5614
1914 5027
1915 5411
1916 5590
1917 5162
1918 6242
1919 5828
1920 5725
1921 4594
1922 3903
1923 8437
1924 4358
1925 4195
1926 4392
1927 3996
1928 4551
1929 4830
1930 4953
1931 4574
1932 5122
1933 5048
1934 5437
1935 4584
1936 5153
1937 4954
1938 5055
1939 4539
1940 8598
1941 4239
1942 4576
1943 5390
1944 5968
1945 4679
1946 4245
1947 4275
1948 3755
1949 4201
1950 4586
1951 4107
1952 4318
1953 4897
1954 4488
1955 4737
1956 4283
1957 4399
1958 4522
1959 3934
1960 4812
1961 4324
1962 6519
1963 6334
1964 7863
1965 5530
1966 5224
1967 4959
1968 5586
1969 6259
1970 4899
1971 5019
1972 5347
1973 5292
1974 5116
1975 10111
1976 5016
1977 5061
1978 4996
1979 4916
1980 5167
1981 5105
1982 4843
1983 5220
1984 5521
1985 5377
1986 4952
1987 5605
1988 5454
1989 4937
1990 9751
1991 4865
1992 5336
1993 6273
1994 6603
1995 6947
1996 7257
1997 6593
1998 7262
1999 6867
2000 7276
2001 7420
2002 7598
2003 7272
2004 6951
2005 6718
2006 6256
2007 6788
2008 7107
2009 7444
2010 6431
2011 11106
2012 7776
2013 7902
2014 7636
2015 7014
2016 6881
2017 6642
2018 6069
2019 6826
2020 4883
2021 5031
2022 4993
2023 4826
2024 4615
2025 4753
2026 5166
2027 5041
2028 5720
2029 5277
2030 6152
2031 5957
2032 4304
2033 4925
2034 4786
2035 4658
2036 4689
2037 4826
2038 4079
2039 4111
2040 4803
2041 4862
2042 4658
2043 5070
2044 4703
2045 4596
2046 4578
2047 4516
2048 4541
2049 4507
2050 4055
2051 4436
2052 4670
2053 4086
2054 4314
2055 4549
2056 4505
2057 10013
2058 6203
2059 5760
2060 5804
2061 5473
2062 4708
2063 4836
2064 4765
2065 4140
2066 4778
2067 5271
2068 5025
2069 4237
2070 4086
2071 4772
2072 4707
2073 4561
2074 5195
2075 4635
2076 4481
2077 4646
2078 4419
2079 4334
2080 4239
2081 4299
2082 4038
2083 4481
2084 4355
2085 4350
2086 4268
2087 4435
2088 4577
2089 4377
2090 4315
2091 4268
2092 4832
2093 4433
2094 5177
2095 5196
2096 5323
2097 5164
2098 5061
2099 4068
2100 4365
2101 4225
2102 4473
2103 4108
2104 4693
2105 4795
2106 4347
2107 4341
2108 4291
2109 4227
2110 4303
2111 4446
2112 4238
2113 4660
2114 4702
2115 4423
2116 4295
2117 4471
2118 5039
2119 4296
2120 4874
2121 4813
2122 4596
2123 4375
2124 4397
2125 4814
2126 4701
2127 4192
2128 4257
2129 4481
2130 4512
2131 4293
2132 4919
2133 7173
2134 7165
2135 6105
2136 6166
2137 8803
2138 4948
2139 5842
2140 5658
2141 6831
2142 6456
2143 5593
2144 5255
2145 4912
2146 4375
2147 4476
2148 4823
2149 4570
2150 4581
2151 4519
2152 4878
2153 4687
2154 4530
2155 4712
2156 4551
2157 5160
2158 5334
2159 6867
2160 5636
2161 6681
2162 4880
2163 4699
2164 4939
2165 5224
2166 4675
2167 5132
2168 4363
2169 4837
2170 4682
2171 4438
2172 5002
2173 4983
2174 4666
2175 4862
2176 4574
2177 4415
2178 5145
2179 5131
2180 4125
2181 4755
2182 4490
2183 5377
2184 5453
2185 4575
2186 4462
2187 4253
2188 4487
2189 4496
2190 4425
2191 5068
2192 5098
2193 4990
2194 4980
2195 4832
2196 6167
2197 6857
2198 7467
2199 6485
2200 8715
2201 6243
2202 6006
2203 5528
2204 10701
2205 5593
2206 5125
2207 5615
2208 6135
2209 5612
2210 5252
2211 6025
2212 5681
2213 12503
2214 5264
2215 4726
2216 5449
2217 5380
2218 5084
2219 10003
2220 5519
2221 4898
2222 4885
2223 5628
2224 4776
2225 4275
2226 5540
2227 5391
2228 5220
2229 5739
2230 5272
2231 5222
2232 4900
2233 5667
2234 5779
2235 5183
2236 5276
2237 4971
2238 5840
2239 5642
2240 6752
2241 5317
2242 5215
2243 7271
2244 7609
2245 7007
2246 6845
2247 6510
2248 6058
2249 5683
2250 5791
2251 6450
2252 6461
2253 6417
2254 6683
2255 6676
2256 6404
2257 5599
2258 5571
2259 5783
2260 5954
2261 6325
2262 5681
2263 6065
2264 5839
2265 5666
2266 9664
2267 5067
2268 4957
2269 5346
2270 10971
2271 6719
2272 6999
2273 6016
2274 5516
2275 6257
2276 6338
2277 6379
2278 12249
2279 6911
2280 6498
2281 6133
2282 6584
2283 6225
2284 7322
2285 6726
2286 5936
2287 5550
2288 6675
2289 7101
2290 5213
2291 5342
2292 4667
2293 5952
2294 4937
2295 5725
2296 5157
2297 5347
2298 7685
2299 6256
2300 7486
2301 8110
2302 7153
2303 5534
2304 6317
2305 5872
2306 5980
2307 5999
2308 6136
2309 6509
2310 6652
2311 7077
2312 7418
2313 8110
2314 7812
2315 8747
2316 7755
2317 13490
2318 8182
2319 8288
2320 8035
2321 7722
2322 13306
2323 7643
2324 6951
2325 7960
2326 12435
2327 7075
2328 8281
2329 8058
2330 7052
2331 6033
2332 6339
2333 5884
2334 6053
2335 5625
2336 5952
2337 6748
2338 6084
2339 6109
2340 4918
2341 5166
2342 5328
2343 6052
2344 5741
2345 5460
2346 4996
2347 5606
2348 5498
2349 5105
2350 7985
2351 10733
2352 6921
2353 5007
2354 5597
2355 5271
2356 5257
2357 6963
2358 6445
2359 6760
2360 6103
2361 4785
2362 4886
2363 5496
2364 5212
2365 5334
2366 4927
2367 5019
2368 5415
2369 5305
2370 4859
2371 5467
2372 5936
2373 4998
2374 4990
2375 5835
2376 5361
2377 5097
2378 4839
2379 4904
2380 5164
2381 4966
2382 5996
2383 6106
2384 5731
2385 5461
2386 4830
2387 6004
2388 4930
2389 4889
2390 5394
2391 5039
2392 5385
2393 5022
2394 5006
2395 5072
2396 4814
2397 10031
2398 4889
2399 5114
2400 4610
2401 5031
2402 5269
2403 4964
2404 4591
2405 5166
2406 5022
2407 4921
2408 4764
2409 4640
2410 5181
2411 5233
2412 5020
2413 4850
2414 4937
2415 5266
2416 4782
2417 5372
2418 5135
2419 4807
2420 5010
2421 5131
2422 5851
2423 5390
2424 5716
2425 5701
2426 6529
2427 6485
2428 5592
2429 5574
2430 4992
2431 5142
2432 5907
2433 5160
2434 5077
2435 5403
2436 4837
2437 4991
2438 5322
2439 4997
2440 5089
2441 5268
2442 5527
2443 5875
2444 4968
2445 5394
2446 5279
2447 5433
2448 7156
2449 6654
2450 6486
2451 7194
2452 6891
2453 12131
2454 13362
2455 13300
2456 7036
2457 6190
2458 5117
2459 5203
2460 5255
2461 6538
2462 6957
2463 7247
2464 6462
2465 7696
2466 7281
2467 6917
2468 6300
2469 5504
2470 5190
2471 5173
2472 5544
2473 5630
2474 5355
2475 5890
2476 5766
2477 6221
2478 6465
2479 7288
2480 7983
2481 5409
2482 5842
2483 5367
2484 5880
2485 7825
2486 7491
2487 12677
2488 6463
2489 6548
2490 7247
2491 7342
2492 6083
2493 5392
2494 5294
2495 5091
2496 6062
2497 6201
2498 5475
2499 5749
2500 5677
2501 5495
2502 5722
2503 5415
2504 5349
2505 5771
2506 5222
2507 5723
2508 5625
2509 5599
2510 6008
2511 5469
2512 7436
2513 7399
2514 6911
2515 6841
2516 7084
2517 7352
2518 7190
2519 6536
2520 6303
2521 7133
2522 6365
2523 6649
2524 7007
2525 6355
2526 6251
2527 7632
2528 6695
2529 5513
2530 5274
2531 6500
2532 6835
2533 6122
2534 5748
2535 4922
2536 7111
2537 6462
2538 6845
2539 6376
2540 6883
2541 5697
2542 5686
2543 5390
2544 5113
2545 5477
2546 5961
2547 5998
2548 5264
2549 5049
2550 6256
2551 6367
2552 5605
2553 5310
2554 5747
2555 5285
2556 5867
2557 5613
2558 7665
2559 7024
2560 6825
2561 7381
2562 7146
2563 6433
2564 5613
2565 5737
2566 5685
2567 5730
2568 5591
2569 5536
2570 5465
2571 5977
2572 6234
2573 5112
2574 5521
2575 5243
2576 6490
2577 6888
2578 5793
2579 7177
2580 7135
2581 7746
2582 6520
2583 13766
2584 7576
2585 7747
2586 6864
2587 7034
2588 6739
2589 5680
2590 5534
2591 5450
2592 5379
2593 5104
2594 5072
2595 5318
2596 6438
2597 5795
2598 5395
2599 6071
2600 6365
2601 5269
2602 5819
2603 6940
2604 5310
2605 6480
2606 6127
2607 10233
2608 6236
2609 7565
2610 7307
2611 13640
2612 9258
2613 7681
2614 8020
2615 7199
2616 6573
2617 6629
2618 8039
2619 6855
2620 6270
2621 6365
2622 5299
2623 6641
2624 6327
2625 6841
2626 6705
2627 5559
2628 5548
2629 5099
2630 5350
2631 5741
2632 6050
2633 5461
2634 5048
2635 5617
2636 5342
2637 5628
2638 5143
2639 6451
2640 5191
2641 5225
2642 5785
2643 6136
2644 5471
2645 5800
2646 5047
2647 5924
2648 7804
2649 7028
2650 6749
2651 7641
2652 12977
2653 7155
2654 7480
2655 6883
2656 5691
2657 5659
2658 6079
2659 7260
2660 8286
2661 8760
2662 9027
2663 9272
2664 9431
2665 9506
2666 8922
2667 8605
2668 10450
2669 9412
2670 9071
2671 8482
2672 7911
2673 10713
2674 7866
2675 8191
2676 10321
2677 10330
2678 9804
2679 10733
2680 9750
2681 9906
2682 9536
2683 8772
2684 9583
2685 10751
2686 10676
2687 8696
2688 8727
2689 9052
2690 8187
2691 7516
2692 7528
2693 8950
2694 7064
2695 6577
2696 5825
2697 6161
2698 5980
2699 5734
2700 5590
2701 5874
2702 5444
2703 7567
2704 5625
2705 6298
2706 5748
2707 5916
2708 5477
2709 5457
2710 5771
2711 5469
2712 5577
2713 5790
2714 5650
2715 5805
2716 5737
2717 5595
2718 6171
2719 5670
2720 5685
2721 6432
2722 6931
2723 5740
2724 5518
2725 6177
2726 5785
2727 5669
2728 5975
2729 6706
2730 5831
2731 5894
2732 5724
2733 6072
2734 6005
2735 7644
2736 7756
2737 7696
2738 7165
2739 6776
2740 6782
2741 6757
2742 7154
2743 8864
2744 8431
2745 7099
2746 6459
2747 6153
2748 7050
2749 12825
2750 6826
2751 6819
2752 7513
2753 8481
2754 8039
2755 6565
2756 6000
2757 6463
2758 9975
2759 9160
2760 9149
2761 9491
2762 8726
2763 9578
2764 8527
2765 8927
2766 8729
2767 8948
2768 15722
2769 10379
2770 9831
2771 8703
2772 10108
2773 9385
2774 8807
2775 8144
2776 9480
2777 8687
2778 9100
2779 7191
2780 7898
2781 8358
2782 6588
2783 7182
2784 6406
2785 6353
2786 6302
2787 6031
2788 6050
2789 5714
2790 5453
2791 5394
2792 5788
2793 6371
2794 5577
2795 5818
2796 6042
2797 6061
2798 5909
2799 6508
2800 6517
2801 11873
2802 6087
2803 5764
2804 6036
2805 5263
2806 5841
2807 6007
2808 6458
2809 6353
2810 5853
2811 5643
2812 6283
2813 7766
2814 7838
2815 6491
2816 7303
2817 7962
2818 7439
2819 7150
2820 7249
2821 6673
2822 6712
2823 13135
2824 8227
2825 9980
2826 7261
2827 7024
2828 7043
2829 7498
2830 6633
2831 7384
2832 6855
2833 8728
2834 6864
2835 6447
2836 5836
2837 6583
2838 6265
2839 5955
2840 5745
2841 6259
2842 6423
2843 6068
2844 6133
2845 6276
2846 6866
2847 5965
2848 6061
2849 5786
2850 6086
2851 6253
2852 6058
2853 6022
2854 6283
2855 6361
2856 6070
2857 6071
2858 6313
2859 5671
2860 6221
2861 8437
2862 6776
2863 7306
2864 7185
2865 6367
2866 6385
2867 6226
2868 6313
2869 5807
2870 8172
2871 8609
2872 7437
2873 6356
2874 5911
2875 6684
2876 5937
2877 8114
2878 7422
2879 7724
2880 7658
2881 7838
2882 8561
2883 8303
2884 7256
2885 6451
2886 6966
2887 6504
2888 7668
2889 10113
2890 8590
2891 11027
2892 9499
2893 9565
2894 10642
2895 10155
2896 15910
2897 10245
2898 8504
2899 10408
2900 10656
2901 11177
2902 10318
2903 10568
2904 10050
2905 21760
2906 10740
2907 10261
2908 10644
2909 9385
2910 10710
2911 9495
2912 10915
2913 9132
2914 10026
2915 9656
2916 9175
2917 7786
2918 9983
2919 9353
2920 9033
2921 9772
2922 8356
2923 8858
2924 9337
2925 8978
2926 7319
2927 7900
2928 9936
2929 9406
2930 9386
2931 8211
2932 6477
2933 6932
2934 6507
2935 7215
2936 10834
2937 9148
2938 7578
2939 7871
2940 8005
2941 8234
2942 7314
2943 7967
2944 9870
2945 8947
2946 7364
2947 7536
2948 8757
2949 8290
2950 8636
2951 8316
2952 7553
2953 7779
2954 5856
2955 6139
2956 6560
2957 7546
2958 9603
2959 8437
2960 6990
2961 7418
2962 6323
2963 6142
2964 6355
2965 6179
2966 6097
2967 6510
2968 6677
2969 5748
2970 5920
2971 6042
2972 6410
2973 6290
2974 6092
2975 6142
2976 6093
2977 7108
2978 7076
2979 7211
2980 6763
2981 5822
2982 6158
2983 6426
2984 5544
2985 6884
2986 5753
2987 6429
2988 5769
2989 6168
2990 5834
2991 6213
2992 6970
2993 6815
2994 6536
2995 7096
2996 7503
2997 6276
2998 7547
2999 8406
3000 7742
