0 37
1 41
2 55
3 70
4 105
5 115
6 163
7 182
8 223
9 273
10 356
11 395
12 459
13 546
14 623
15 722
16 803
17 898
18 987
19 1084
20 1232
21 1486
22 1614
23 1635
24 1989
25 2151
26 2367
27 2613
28 2673
29 2675
30 3094
31 3220
32 3199
33 3491
34 3664
35 4279
36 4144
37 4491
38 4479
39 4932
40 4361
41 4602
42 4948
43 5612
44 5753
45 5419
46 6257
47 5879
48 5906
49 6684
50 7464
51 7030
52 6719
53 6791
54 8207
55 7330
56 8117
57 8129
58 8424
59 9057
60 8719
61 9805
62 10047
63 9997
64 10568
65 11333
66 11285
67 12016
68 11606
69 12531
70 11660
71 12850
72 12127
73 12197
74 12668
75 13465
76 14737
77 14258
78 15261
79 15461
80 14533
81 15929
82 15362
83 15862
84 15330
85 16023
86 17445
87 24824
88 45938
89 21691
90 20007
91 18716
92 18466
93 17917
94 19087
95 18980
96 18498
97 18942
98 20175
99 21679
100 22513
101 22336
102 21897
103 23144
104 24924
105 25406
106 24082
107 24157
108 26137
109 28645
110 29177
111 30050
112 28069
113 28651
114 28344
115 29789
116 29854
117 32205
118 30108
119 32336
120 29543
121 35690
122 68966
123 57398
124 48607
125 39845
126 37025
127 36817
128 35443
129 43905
130 46054
131 39014
132 36929
133 39240
134 38835
135 39919
136 41038
137 40317
138 43388
139 57022
140 60090
141 57358
142 48306
143 47825
144 43411
145 46220
146 46047
147 47950
148 52161
149 56345
150 51550
151 49162
152 54084
153 55872
154 58570
155 63384
156 66258
157 57423
158 78596
159 54540
160 51414
161 54279
162 53575
163 59101
164 63784
165 64149
166 59254
167 66414
168 61863
169 68053
170 62749
171 71970
172 76732
173 68782
174 69899
175 68441
176 84087
177 113320
178 82388
179 75037
180 80882
181 77279
182 71243
183 68948
184 67714
185 67670
186 67286
187 72894
188 77088
189 83089
190 84556
191 92557
192 79139
193 77559
194 81194
195 87418
196 87799
197 97068
198 87913
199 77894
200 78179
201 81144
202 80151
203 81652
204 93305
205 89629
206 100293
207 94416
208 90823
209 92703
210 101143
211 103320
212 96814
213 97099
214 95024
215 93684
216 91357
217 97510
218 101613
219 119366
220 105999
221 103753
222 109456
223 111510
224 105813
225 99247
226 103552
227 105316
228 104568
229 109430
230 132861
231 113794
232 105661
233 110917
234 157092
235 121479
236 120774
237 114716
238 128857
239 138532
240 135722
241 126503
242 139893
243 140247
244 128558
245 122831
246 123161
247 147796
248 136168
249 158425
250 130651
251 129630
252 138749
253 146537
254 143662
255 139461
256 139071
257 154386
258 159743
259 151756
260 149208
261 142518
262 152543
263 146274
264 173455
265 183328
266 164052
267 162774
268 209913
269 156009
270 160377
271 154493
272 148329
273 176999
274 165726
275 153975
276 192599
277 226654
278 227870
279 196591
280 202901
281 207586
282 200141
283 182993
284 208605
285 207510
286 208541
287 213853
288 218386
289 204713
290 191355
291 178647
292 185041
293 203150
294 194077
295 197077
296 183057
297 181490
298 194871
299 197292
300 180689
301 209849
302 191326
303 194374
304 196003
305 226836
306 201129
307 216730
308 204106
309 211795
310 210830
311 222804
312 222048
313 211224
314 197670
315 211935
316 232468
317 218201
318 256712
319 230943
320 238002
321 221585
322 229745
323 229890
324 235511
325 214830
326 218153
327 258473
328 238563
329 294051
330 223362
331 223519
332 314250
333 236048
334 228824
335 229714
336 251828
337 261222
338 302570
339 261676
340 265328
341 250174
342 292780
343 271378
344 283436
345 346858
346 326917
347 312517
348 309725
349 330995
350 304638
351 295271
352 258835
353 254196
354 286811
355 277320
356 287619
357 255233
358 267403
359 296231
360 315889
361 289702
362 264292
363 295360
364 295167
365 306134
366 282752
367 303744
368 304416
369 301635
370 281823
371 303929
372 313082
373 352596
374 328678
375 317774
376 286335
377 317066
378 326362
379 336803
380 396314
381 325442
382 312741
383 322877
384 345497
385 325649
386 373490
387 335832
388 347019
389 315047
390 357726
391 353482
392 312929
393 353051
394 338665
395 352740
396 325544
397 337597
398 374611
399 345692
400 335411
401 385296
402 380403
403 346775
404 347843
405 368222
406 363072
407 343972
408 499571
409 425277
410 372203
411 436563
412 393603
413 380700
414 462859
415 399035
416 355310
417 379521
418 416495
419 356350
420 376381
421 372495
422 377315
423 381251
424 367293
425 409901
426 418977
427 357064
428 392372
429 373712
430 398601
431 429295
432 399551
433 425053
434 431370
435 493218
436 432412
437 435352
438 472721
439 448111
440 470953
441 437245
442 428234
443 493738
444 492562
445 465475
446 429446
447 438566
448 465676
449 452917
450 504046
451 572377
452 660939
453 591321
454 763079
455 513211
456 485288
457 462492
458 560495
459 673469
460 484237
461 484199
462 491801
463 479940
464 568757
465 536419
466 483302
467 493905
468 600326
469 496372
470 478893
471 477527
472 590463
473 589989
474 503249
475 510423
476 496790
477 594238
478 630675
479 572541
480 507848
481 544050
482 497240
483 508336
484 550660
485 612345
486 525581
487 580378
488 550878
489 598542
490 582200
491 708007
492 536215
493 565990
494 513541
495 563203
496 543557
497 550841
498 553529
499 555137
500 562241
501 573670
502 571455
503 560002
504 596814
505 588657
506 586873
507 560798
508 565521
509 641414
510 604775
511 578264
512 641015
513 641358
514 573308
515 579593
516 580957
517 603667
518 620991
519 585487
520 653431
521 631958
522 634362
523 627972
524 723740
525 624199
526 665048
527 690787
528 595196
529 717865
530 663620
531 657321
532 748946
533 658566
534 657630
535 680860
536 749722
537 732523
538 682369
539 682046
540 896442
541 677320
542 700032
543 724890
544 666733
545 714743
546 660441
547 748033
548 680792
549 696577
550 727583
551 706756
552 624982
553 686344
554 603264
555 698939
556 665351
557 734846
558 656705
559 722696
560 842155
561 711498
562 788159
563 789117
564 782003
565 757709
566 743386
567 816389
568 775378
569 782474
570 775620
571 734705
572 782938
573 784525
574 762631
575 745294
576 747888
577 1.01517e+06
578 865413
579 820087
580 800375
581 812281
582 824690
583 894179
584 852323
585 938131
586 942414
587 851033
588 821468
589 854332
590 865157
591 806748
592 826276
593 856617
594 867029
595 879881
596 1.09378e+06
597 1.06818e+06
598 851139
599 890006
600 894799
601 886257
602 951851
603 1.06694e+06
604 962259
605 1.0109e+06
606 1.03815e+06
607 1.0775e+06
608 1.0614e+06
609 1.01955e+06
610 1.0876e+06
611 940141
612 1.19827e+06
613 959757
614 1.07042e+06
615 997678
616 1.10306e+06
617 989357
618 1.18415e+06
619 962564
620 936799
621 1.05662e+06
622 990600
623 1.02746e+06
624 1.04708e+06
625 1.08173e+06
626 1.38242e+06
627 1.4555e+06
628 1.31118e+06
629 1.32852e+06
630 1.29718e+06
631 1.36669e+06
632 1.30894e+06
633 1.38045e+06
634 1.3783e+06
635 1.19449e+06
636 1.28298e+06
637 1.40604e+06
638 1.29803e+06
639 1.36484e+06
640 1.29229e+06
641 1.33636e+06
642 1.284e+06
643 1.37828e+06
644 1.1843e+06
645 1.20799e+06
646 1.27012e+06
647 1.27851e+06
648 1.16895e+06
649 1.20834e+06
650 1.2072e+06
651 1.25351e+06
652 1.21871e+06
653 1.36237e+06
654 1.27873e+06
655 1.24377e+06
656 1.35153e+06
657 1.22131e+06
658 1.30402e+06
659 1.25676e+06
660 1.23838e+06
661 1.34753e+06
662 1.15148e+06
663 1.29747e+06
664 1.22859e+06
665 1.36624e+06
666 1.41858e+06
667 1.22856e+06
668 1.33686e+06
669 1.28276e+06
670 1.15312e+06
671 1.10793e+06
672 1.28237e+06
673 1.12898e+06
674 1.26684e+06
675 1.43321e+06
676 1.20676e+06
677 1.32832e+06
678 1.13725e+06
679 1.22204e+06
680 1.3539e+06
681 1.24522e+06
682 1.04412e+06
683 1.28316e+06
684 1.2637e+06
685 1.12355e+06
686 1.19001e+06
687 1.15558e+06
688 1.36212e+06
689 1.33644e+06
690 1.07273e+06
691 1.33387e+06
692 1.22604e+06
693 1.36344e+06
694 1.15123e+06
695 1.06743e+06
696 1.02594e+06
697 1.5568e+06
698 1.17592e+06
699 1.13425e+06
700 1.06942e+06
701 1.12675e+06
702 1.15305e+06
703 1.43017e+06
704 1.68934e+06
705 1.95099e+06
706 1.91009e+06
707 1.77276e+06
708 1.74674e+06
709 1.75515e+06
710 1.64314e+06
711 1.66146e+06
712 1.55681e+06
713 1.65934e+06
714 1.61891e+06
715 1.72808e+06
716 1.70817e+06
717 1.74017e+06
718 1.7617e+06
719 1.75706e+06
720 1.80828e+06
721 1.83297e+06
722 1.80263e+06
723 1.76411e+06
724 1.81853e+06
725 1.75912e+06
726 1.71111e+06
727 1.79596e+06
728 1.71214e+06
729 1.76694e+06
730 1.8067e+06
731 1.70267e+06
732 1.68607e+06
733 1.7444e+06
734 1.86436e+06
735 1.72828e+06
736 1.73018e+06
737 1.63468e+06
738 1.52295e+06
739 1.66936e+06
740 1.6677e+06
741 1.65393e+06
742 1.59275e+06
743 1.64724e+06
744 1.69132e+06
745 1.47324e+06
746 1.68223e+06
747 1.85874e+06
748 1.41126e+06
749 1.34648e+06
750 1.58765e+06
751 1.71007e+06
752 1.46128e+06
753 1.38359e+06
754 1.72874e+06
755 1.55783e+06
756 1.30791e+06
757 1.29604e+06
758 1.31592e+06
759 1.27316e+06
760 1.30518e+06
761 1.36471e+06
762 1.29752e+06
763 1.37368e+06
764 1.31866e+06
765 1.31067e+06
766 1.40666e+06
767 1.52879e+06
768 1.42035e+06
769 1.51222e+06
770 1.80546e+06
771 1.56234e+06
772 1.75479e+06
773 1.62674e+06
774 1.6439e+06
775 1.56405e+06
776 1.48407e+06
777 1.45706e+06
778 1.59479e+06
779 1.6256e+06
780 1.55854e+06
781 1.57906e+06
782 1.64276e+06
783 1.52218e+06
784 1.54296e+06
785 1.47519e+06
786 1.55806e+06
787 1.51693e+06
788 1.42941e+06
789 1.42802e+06
790 1.39657e+06
791 1.45199e+06
792 1.52678e+06
793 1.49272e+06
794 1.53076e+06
795 1.46987e+06
796 1.99733e+06
797 1.63968e+06
798 1.53115e+06
799 1.76974e+06
800 2.05752e+06
801 1.68275e+06
802 1.62299e+06
803 2.17783e+06
804 1.75826e+06
805 1.67097e+06
806 1.88649e+06
807 1.92912e+06
808 1.68416e+06
809 1.76337e+06
810 1.72135e+06
811 1.70205e+06
812 1.78382e+06
813 1.83056e+06
814 1.80829e+06
815 1.82856e+06
816 1.81657e+06
817 1.79164e+06
818 1.83249e+06
819 1.73403e+06
820 1.92378e+06
821 1.76667e+06
822 1.87108e+06
823 1.84168e+06
824 1.91131e+06
825 2.01616e+06
826 2.0233e+06
827 1.9546e+06
828 1.85248e+06
829 2.56586e+06
830 2.43391e+06
831 2.28063e+06
832 2.15569e+06
833 2.67255e+06
834 2.49487e+06
835 2.39414e+06
836 2.21908e+06
837 2.225e+06
838 2.21622e+06
839 2.4091e+06
840 2.49772e+06
841 2.1584e+06
842 2.12794e+06
843 1.65837e+06
844 1.57652e+06
845 1.61681e+06
846 1.70285e+06
847 1.83116e+06
848 1.74858e+06
849 1.79315e+06
850 1.88548e+06
851 2.24395e+06
852 2.10528e+06
853 1.853e+06
854 1.81301e+06
855 1.79136e+06
856 1.79383e+06
857 1.78106e+06
858 1.74154e+06
859 1.87722e+06
860 1.80172e+06
861 1.88188e+06
862 1.79824e+06
863 1.79676e+06
864 1.86244e+06
865 1.81915e+06
866 1.82744e+06
867 1.71104e+06
868 2.03166e+06
869 1.80002e+06
870 1.80548e+06
871 1.74572e+06
872 1.83487e+06
873 1.82607e+06
874 1.76468e+06
875 1.86016e+06
876 1.78592e+06
877 1.73612e+06
878 1.72838e+06
879 1.71658e+06
880 1.70157e+06
881 1.72657e+06
882 1.79817e+06
883 1.61375e+06
884 1.63711e+06
885 1.75722e+06
886 1.56815e+06
887 1.61953e+06
888 1.87728e+06
889 1.85933e+06
890 1.75074e+06
891 1.71918e+06
892 1.84524e+06
893 1.88908e+06
894 1.82327e+06
895 1.81463e+06
896 1.85702e+06
897 1.76763e+06
898 1.73216e+06
899 1.74335e+06
900 1.80141e+06
901 1.87426e+06
902 2.57146e+06
903 2.40121e+06
904 2.36444e+06
905 2.56275e+06
906 1.93255e+06
907 2.66885e+06
908 2.64344e+06
909 2.45053e+06
910 2.70705e+06
911 2.18732e+06
912 2.63003e+06
913 2.5898e+06
914 2.47776e+06
915 2.64307e+06
916 2.59992e+06
917 2.96223e+06
918 2.69314e+06
919 2.80014e+06
920 2.3423e+06
921 2.16177e+06
922 2.2224e+06
923 2.14852e+06
924 2.07506e+06
925 2.08404e+06
926 2.00773e+06
927 2.12236e+06
928 2.09333e+06
929 1.96572e+06
930 1.92197e+06
931 1.87125e+06
932 1.91082e+06
933 1.90312e+06
934 2.15958e+06
935 2.0563e+06
936 1.92513e+06
937 1.93517e+06
938 2.10439e+06
939 2.0331e+06
940 2.22336e+06
941 2.22284e+06
942 2.08392e+06
943 2.0167e+06
944 2.05263e+06
945 1.95298e+06
946 2.21786e+06
947 2.31906e+06
948 2.20671e+06
949 2.28473e+06
950 2.22414e+06
951 2.25855e+06
952 2.19939e+06
953 2.29867e+06
954 2.18622e+06
955 2.22554e+06
956 2.2988e+06
957 2.49112e+06
958 2.38794e+06
959 2.30905e+06
960 1.8834e+06
961 2.12841e+06
962 2.05994e+06
963 2.16764e+06
964 2.37602e+06
965 2.0453e+06
966 1.99431e+06
967 2.11219e+06
968 1.97565e+06
969 2.23687e+06
970 2.13773e+06
971 2.12168e+06
972 2.62682e+06
973 3.34126e+06
974 3.16575e+06
975 2.91577e+06
976 3.16503e+06
977 2.91486e+06
978 2.96675e+06
979 2.87541e+06
980 3.10544e+06
981 2.34679e+06
982 2.18558e+06
983 2.38522e+06
984 2.05004e+06
985 2.11801e+06
986 2.15733e+06
987 2.14921e+06
988 2.53747e+06
989 2.25188e+06
990 2.17715e+06
991 2.11739e+06
992 2.05292e+06
993 2.14744e+06
994 2.24846e+06
995 2.26644e+06
996 2.0818e+06
997 2.87992e+06
998 2.08589e+06
999 2.3105e+06
1000 2.2463e+06
1001 2.24649e+06
1002 2.07443e+06
1003 2.52613e+06
1004 2.40595e+06
1005 2.29576e+06
1006 2.46069e+06
1007 2.36421e+06
1008 2.48938e+06
1009 2.39933e+06
1010 2.4154e+06
1011 2.58013e+06
1012 2.43898e+06
1013 2.42335e+06
1014 2.38494e+06
1015 2.57816e+06
1016 2.72487e+06
1017 2.41797e+06
1018 2.46006e+06
1019 2.51578e+06
1020 2.51243e+06
1021 2.48865e+06
1022 2.38342e+06
1023 2.39424e+06
1024 2.34267e+06
1025 2.58045e+06
1026 2.49796e+06
1027 2.57225e+06
1028 2.50139e+06
1029 2.58356e+06
1030 2.48698e+06
1031 2.62949e+06
1032 2.47889e+06
1033 2.64642e+06
1034 2.55233e+06
1035 2.71591e+06
1036 2.61572e+06
1037 2.60925e+06
1038 2.48832e+06
1039 2.82942e+06
1040 2.69714e+06
1041 2.67759e+06
1042 3.13928e+06
1043 3.50408e+06
1044 3.54464e+06
1045 3.19445e+06
1046 4.01439e+06
1047 3.55848e+06
1048 3.96827e+06
1049 3.34232e+06
1050 3.84426e+06
1051 3.5712e+06
1052 3.16588e+06
1053 3.56828e+06
1054 3.23452e+06
1055 2.93621e+06
1056 2.67294e+06
1057 2.72915e+06
1058 2.79542e+06
1059 3.12568e+06
1060 3.70844e+06
1061 2.88404e+06
1062 2.57752e+06
1063 2.83753e+06
1064 2.76707e+06
1065 2.58984e+06
1066 2.79592e+06
1067 2.86042e+06
1068 2.94144e+06
1069 2.71362e+06
1070 2.70248e+06
1071 2.72719e+06
1072 2.73758e+06
1073 2.73258e+06
1074 2.56882e+06
1075 2.5892e+06
1076 2.77353e+06
1077 2.89399e+06
1078 3.41126e+06
1079 3.38606e+06
1080 3.51383e+06
1081 3.25703e+06
1082 3.33562e+06
1083 3.57404e+06
1084 3.65605e+06
1085 3.40875e+06
1086 3.53887e+06
1087 3.35858e+06
1088 3.15699e+06
1089 2.79388e+06
1090 3.56543e+06
1091 2.9431e+06
1092 2.96184e+06
1093 2.88935e+06
1094 2.98138e+06
1095 2.88859e+06
1096 2.88e+06
1097 2.92805e+06
1098 2.78225e+06
1099 2.93924e+06
1100 2.91277e+06
1101 3.15938e+06
1102 2.70039e+06
1103 3.05722e+06
1104 2.87551e+06
1105 2.88925e+06
1106 2.91002e+06
1107 3.54662e+06
1108 4.57468e+06
1109 4.06414e+06
1110 3.61109e+06
1111 3.60284e+06
1112 4.09392e+06
1113 3.99911e+06
1114 3.50233e+06
1115 4.20352e+06
1116 3.8636e+06
1117 4.23812e+06
1118 3.82429e+06
1119 3.54823e+06
1120 3.15864e+06
1121 3.891e+06
1122 3.17918e+06
1123 3.77274e+06
1124 3.338e+06
1125 3.37614e+06
1126 3.64937e+06
1127 3.26594e+06
1128 3.86085e+06
1129 2.98391e+06
1130 3.98086e+06
1131 2.99068e+06
1132 3.62379e+06
1133 3.46368e+06
1134 3.59343e+06
1135 3.82014e+06
1136 3.90976e+06
1137 3.66893e+06
1138 3.24748e+06
1139 4.22485e+06
1140 3.39536e+06
1141 4.10893e+06
1142 3.36457e+06
1143 4.19282e+06
1144 3.19374e+06
1145 4.47075e+06
1146 4.57896e+06
1147 4.00083e+06
1148 3.70042e+06
1149 3.53898e+06
1150 4.15101e+06
1151 3.69515e+06
1152 4.4501e+06
1153 3.85486e+06
1154 3.76048e+06
1155 3.45018e+06
1156 4.72252e+06
1157 3.15324e+06
1158 4.13995e+06
1159 3.64749e+06
1160 5.06705e+06
1161 4.253e+06
1162 4.46896e+06
1163 4.60454e+06
1164 5.00061e+06
1165 4.9719e+06
1166 3.99569e+06
1167 4.92735e+06
1168 4.83412e+06
1169 5.03554e+06
1170 4.92465e+06
1171 4.9312e+06
1172 4.98846e+06
1173 4.68379e+06
1174 5.41932e+06
1175 5.09357e+06
1176 5.05592e+06
1177 4.83943e+06
1178 4.92915e+06
1179 4.66894e+06
1180 5.46439e+06
1181 5.22995e+06
1182 4.94918e+06
1183 5.58443e+06
1184 4.8689e+06
1185 5.20717e+06
1186 5.59019e+06
1187 5.73548e+06
1188 4.62594e+06
1189 5.50827e+06
1190 5.50003e+06
1191 4.69782e+06
1192 5.07826e+06
1193 4.48648e+06
1194 5.14179e+06
1195 5.78202e+06
1196 5.01574e+06
1197 6.07453e+06
1198 5.42871e+06
1199 5.49367e+06
1200 5.1802e+06
1201 5.40648e+06
1202 4.91995e+06
1203 4.80265e+06
1204 5.66747e+06
1205 5.74397e+06
1206 5.21498e+06
1207 5.14959e+06
1208 5.50824e+06
1209 5.4161e+06
1210 4.93505e+06
1211 4.88552e+06
1212 4.38492e+06
1213 5.55344e+06
1214 4.7135e+06
1215 5.54384e+06
1216 5.68306e+06
1217 5.30536e+06
1218 5.49064e+06
1219 5.06305e+06
1220 4.97038e+06
1221 4.99375e+06
1222 4.56129e+06
1223 4.5668e+06
1224 5.22392e+06
1225 5.63304e+06
1226 5.36848e+06
1227 4.62291e+06
1228 5.09958e+06
1229 5.09488e+06
1230 4.96475e+06
1231 4.84595e+06
1232 4.81832e+06
1233 5.18549e+06
1234 5.37486e+06
1235 5.10879e+06
1236 5.42036e+06
1237 4.84917e+06
1238 4.66266e+06
1239 5.05682e+06
1240 4.96961e+06
1241 5.66478e+06
1242 5.7109e+06
1243 5.11785e+06
1244 5.63464e+06
1245 5.94984e+06
1246 5.65934e+06
1247 4.8646e+06
1248 5.43902e+06
1249 5.48873e+06
1250 5.40171e+06
1251 5.77303e+06
1252 6.09257e+06
1253 5.81199e+06
1254 5.73279e+06
1255 5.74687e+06
1256 5.73119e+06
1257 5.6826e+06
1258 4.8496e+06
1259 4.7749e+06
1260 4.14833e+06
1261 4.24415e+06
1262 4.64546e+06
1263 4.32559e+06
1264 4.00429e+06
1265 4.28344e+06
1266 4.04841e+06
1267 4.1934e+06
1268 4.06938e+06
1269 3.94702e+06
1270 4.1784e+06
1271 4.07306e+06
1272 4.73796e+06
1273 4.39906e+06
1274 4.19512e+06
1275 4.38333e+06
1276 4.48008e+06
1277 4.28298e+06
1278 4.16623e+06
1279 4.46523e+06
1280 4.38407e+06
1281 4.2108e+06
1282 4.17439e+06
1283 4.48664e+06
1284 4.58024e+06
1285 4.64745e+06
1286 4.54454e+06
1287 4.62944e+06
1288 4.46981e+06
1289 3.67808e+06
1290 3.68303e+06
1291 3.63778e+06
1292 3.81829e+06
1293 4.1342e+06
1294 3.75195e+06
1295 4.05317e+06
1296 3.86969e+06
1297 3.98221e+06
1298 3.79031e+06
1299 3.75354e+06
1300 3.78952e+06
1301 3.81513e+06
1302 3.68597e+06
1303 3.7859e+06
1304 3.87156e+06
1305 3.92091e+06
1306 3.94591e+06
1307 4.19493e+06
1308 4.26902e+06
1309 3.92217e+06
1310 3.70684e+06
1311 3.86565e+06
1312 3.69656e+06
1313 3.76725e+06
1314 3.75618e+06
1315 3.87009e+06
1316 4.06411e+06
1317 3.8222e+06
1318 3.73717e+06
1319 4.2329e+06
1320 3.86521e+06
1321 3.93043e+06
1322 3.8381e+06
1323 3.96347e+06
1324 4.0331e+06
1325 4.34075e+06
1326 3.89529e+06
1327 3.97533e+06
1328 3.91243e+06
1329 4.00774e+06
1330 3.92856e+06
1331 4.15909e+06
1332 3.92199e+06
1333 3.97432e+06
1334 4.07295e+06
1335 4.06711e+06
1336 3.94986e+06
1337 4.0834e+06
1338 4.12143e+06
1339 4.1776e+06
1340 4.22381e+06
1341 4.0983e+06
1342 4.0024e+06
1343 4.17111e+06
1344 4.31449e+06
1345 4.09164e+06
1346 4.14018e+06
1347 4.14151e+06
1348 3.96038e+06
1349 4.0999e+06
1350 4.14124e+06
1351 4.09345e+06
1352 3.94497e+06
1353 4.13143e+06
1354 3.94429e+06
1355 4.41757e+06
1356 4.46856e+06
1357 4.0729e+06
1358 4.37929e+06
1359 4.38438e+06
1360 4.15583e+06
1361 4.16318e+06
1362 4.07715e+06
1363 4.05585e+06
1364 3.93483e+06
1365 4.28488e+06
1366 4.06891e+06
1367 4.27073e+06
1368 4.1434e+06
1369 4.29587e+06
1370 4.00259e+06
1371 4.25185e+06
1372 4.13677e+06
1373 4.0893e+06
1374 4.12689e+06
1375 4.05094e+06
1376 4.08131e+06
1377 4.46576e+06
1378 4.5136e+06
1379 4.85982e+06
1380 4.91202e+06
1381 5.41943e+06
1382 5.39027e+06
1383 5.08068e+06
1384 5.30147e+06
1385 5.07262e+06
1386 4.76373e+06
1387 4.85335e+06
1388 4.41977e+06
1389 4.59698e+06
1390 4.70782e+06
1391 4.43384e+06
1392 4.54141e+06
1393 4.48277e+06
1394 4.76215e+06
1395 4.44758e+06
1396 4.41499e+06
1397 4.68659e+06
1398 4.61314e+06
1399 4.5076e+06
1400 4.47006e+06
1401 4.35556e+06
1402 4.34598e+06
1403 4.50736e+06
1404 4.45743e+06
1405 4.47142e+06
1406 4.30091e+06
1407 4.82014e+06
1408 4.64893e+06
1409 4.56014e+06
1410 4.3771e+06
1411 4.76024e+06
1412 4.4063e+06
1413 4.46082e+06
1414 4.79261e+06
1415 4.50513e+06
1416 4.33463e+06
1417 4.373e+06
1418 4.3814e+06
1419 4.49525e+06
1420 4.71159e+06
1421 4.54609e+06
1422 5.13077e+06
1423 4.5325e+06
1424 4.64281e+06
1425 4.77824e+06
1426 5.00258e+06
1427 4.6351e+06
1428 4.47561e+06
1429 4.57317e+06
1430 4.5148e+06
1431 4.91773e+06
1432 4.54071e+06
1433 4.58724e+06
1434 4.69626e+06
1435 4.87551e+06
1436 4.41824e+06
1437 4.61989e+06
1438 4.8517e+06
1439 4.56066e+06
1440 4.47857e+06
1441 4.54645e+06
1442 4.92798e+06
1443 4.55809e+06
1444 4.42368e+06
1445 4.62825e+06
1446 4.63519e+06
1447 4.67422e+06
1448 4.77601e+06
1449 4.62539e+06
1450 4.46639e+06
1451 4.76548e+06
1452 4.68852e+06
1453 4.66495e+06
1454 5.43589e+06
1455 5.99489e+06
1456 5.55622e+06
1457 4.81116e+06
1458 4.62265e+06
1459 4.63364e+06
1460 4.73366e+06
1461 4.78474e+06
1462 4.76972e+06
1463 4.93454e+06
1464 5.09981e+06
1465 4.78611e+06
1466 4.82132e+06
1467 4.95109e+06
1468 5.00585e+06
1469 4.72706e+06
1470 4.74017e+06
1471 4.70333e+06
1472 4.86717e+06
1473 4.80014e+06
1474 5.09476e+06
1475 5.27704e+06
1476 5.15766e+06
1477 4.93068e+06
1478 4.96445e+06
1479 5.43389e+06
1480 5.16206e+06
1481 5.14669e+06
1482 5.54469e+06
1483 5.70793e+06
1484 4.78788e+06
1485 4.9855e+06
1486 4.88483e+06
1487 4.95627e+06
1488 5.05791e+06
1489 5.26662e+06
1490 5.04752e+06
1491 5.251e+06
1492 5.20208e+06
1493 4.9594e+06
1494 5.33758e+06
1495 5.01583e+06
1496 5.00068e+06
1497 5.14577e+06
1498 5.50043e+06
1499 5.91158e+06
1500 5.42592e+06
1501 5.03312e+06
1502 5.02745e+06
1503 4.99668e+06
1504 5.03397e+06
1505 4.97269e+06
1506 5.25142e+06
1507 5.17365e+06
1508 4.97185e+06
1509 5.16992e+06
1510 5.01208e+06
1511 5.14733e+06
1512 4.94755e+06
1513 5.43334e+06
1514 5.07397e+06
1515 5.49729e+06
1516 5.60148e+06
1517 5.27107e+06
1518 5.00579e+06
1519 5.0816e+06
1520 5.06828e+06
1521 5.41339e+06
1522 5.36088e+06
1523 5.17784e+06
1524 5.28206e+06
1525 5.38554e+06
1526 5.02893e+06
1527 5.28756e+06
1528 5.24118e+06
1529 5.13197e+06
1530 5.39432e+06
1531 5.65912e+06
1532 5.60394e+06
1533 5.55942e+06
1534 5.45285e+06
1535 5.59629e+06
1536 5.42058e+06
1537 5.65097e+06
1538 5.53258e+06
1539 5.61553e+06
1540 5.84632e+06
1541 5.75796e+06
1542 5.67247e+06
1543 5.63306e+06
1544 5.71612e+06
1545 5.70262e+06
1546 5.5127e+06
1547 5.80634e+06
1548 5.35495e+06
1549 5.52904e+06
1550 5.45899e+06
1551 5.59254e+06
1552 5.51815e+06
1553 5.47871e+06
1554 5.39853e+06
1555 6.10618e+06
1556 5.47004e+06
1557 5.52104e+06
1558 5.58633e+06
1559 5.69396e+06
1560 5.65254e+06
1561 5.64777e+06
1562 5.6309e+06
1563 5.38279e+06
1564 5.47234e+06
1565 5.4285e+06
1566 5.30061e+06
1567 5.54143e+06
1568 5.74568e+06
1569 5.70656e+06
1570 5.29922e+06
1571 5.52139e+06
1572 5.445e+06
1573 5.45016e+06
1574 5.22409e+06
1575 5.61304e+06
1576 5.43617e+06
1577 5.64329e+06
1578 5.39074e+06
1579 5.43545e+06
1580 5.36174e+06
1581 5.52617e+06
1582 5.64732e+06
1583 5.57723e+06
1584 5.67245e+06
1585 5.63425e+06
1586 5.36712e+06
1587 5.48965e+06
1588 5.4483e+06
1589 5.49549e+06
1590 5.60917e+06
1591 5.43249e+06
1592 5.53786e+06
1593 5.54892e+06
1594 5.473e+06
1595 5.40746e+06
1596 5.69162e+06
1597 5.41165e+06
1598 5.45997e+06
1599 5.38323e+06
1600 5.38603e+06
1601 5.74572e+06
1602 5.45526e+06
1603 5.62751e+06
1604 5.91801e+06
1605 5.87414e+06
1606 5.54124e+06
1607 5.91212e+06
1608 5.68949e+06
1609 5.76724e+06
1610 5.34919e+06
1611 5.84056e+06
1612 5.97692e+06
1613 5.70378e+06
1614 5.92812e+06
1615 5.59353e+06
1616 5.68689e+06
1617 5.73186e+06
1618 5.46813e+06
1619 5.50626e+06
1620 5.72033e+06
1621 5.74546e+06
1622 5.6979e+06
1623 5.61415e+06
1624 5.82653e+06
1625 5.6707e+06
1626 5.93276e+06
1627 5.75981e+06
1628 5.78451e+06
1629 6.09181e+06
1630 5.53707e+06
1631 5.8336e+06
1632 9.05528e+06
1633 8.33295e+06
1634 8.38709e+06
1635 7.97477e+06
1636 8.58186e+06
1637 7.12378e+06
1638 7.69223e+06
1639 7.93108e+06
1640 7.04808e+06
1641 7.51797e+06
1642 7.42137e+06
1643 7.34885e+06
1644 7.90547e+06
1645 8.197e+06
1646 6.78124e+06
1647 5.9316e+06
1648 6.30848e+06
1649 6.80252e+06
1650 7.53264e+06
1651 7.61298e+06
1652 6.49588e+06
1653 6.48375e+06
1654 6.51928e+06
1655 7.50132e+06
1656 8.52363e+06
1657 8.16816e+06
1658 8.21736e+06
1659 8.58695e+06
1660 8.44179e+06
1661 8.23982e+06
1662 8.36916e+06
1663 8.26572e+06
1664 8.18384e+06
1665 7.93717e+06
1666 9.20342e+06
1667 8.57881e+06
1668 8.26498e+06
1669 8.75493e+06
1670 7.8276e+06
1671 6.90612e+06
1672 6.27577e+06
1673 6.82312e+06
1674 6.58377e+06
1675 6.34258e+06
1676 6.15912e+06
1677 6.40912e+06
1678 6.29747e+06
1679 6.82464e+06
1680 6.12387e+06
1681 6.45654e+06
1682 6.36233e+06
1683 6.66457e+06
1684 1.01213e+07
1685 9.74667e+06
1686 9.76199e+06
1687 8.63548e+06
1688 8.72436e+06
1689 9.02863e+06
1690 9.12557e+06
1691 8.93598e+06
1692 8.63884e+06
1693 8.79056e+06
1694 7.4854e+06
1695 8.73887e+06
1696 9.62052e+06
1697 8.82185e+06
1698 9.28052e+06
1699 8.18005e+06
1700 6.86645e+06
1701 7.06792e+06
1702 6.919e+06
1703 6.97729e+06
1704 7.13457e+06
1705 7.02435e+06
1706 6.7753e+06
1707 7.32343e+06
1708 8.2722e+06
1709 8.64351e+06
1710 8.10438e+06
1711 8.65815e+06
1712 7.69422e+06
1713 7.95361e+06
1714 8.75722e+06
1715 9.02524e+06
1716 9.77394e+06
1717 1.06973e+07
1718 1.07309e+07
1719 1.02978e+07
1720 1.08967e+07
1721 1.19597e+07
1722 1.16213e+07
1723 1.12569e+07
1724 1.061e+07
1725 1.14332e+07
1726 1.13553e+07
1727 1.05162e+07
1728 1.00889e+07
1729 1.06996e+07
1730 1.04415e+07
1731 1.12868e+07
1732 1.08459e+07
1733 1.02667e+07
1734 1.05672e+07
1735 1.1035e+07
1736 1.0376e+07
1737 9.7786e+06
1738 1.13006e+07
1739 1.09076e+07
1740 1.02989e+07
1741 1.00538e+07
1742 1.13038e+07
1743 1.07937e+07
1744 1.01061e+07
1745 8.40407e+06
1746 7.61096e+06
1747 8.62626e+06
1748 8.47912e+06
1749 7.59596e+06
1750 7.64244e+06
1751 7.62512e+06
1752 7.67636e+06
1753 7.55874e+06
1754 7.6492e+06
1755 7.64069e+06
1756 7.50922e+06
1757 7.71896e+06
1758 7.72886e+06
1759 7.75899e+06
1760 7.79882e+06
1761 8.23988e+06
1762 7.92828e+06
1763 7.67684e+06
1764 8.37089e+06
1765 9.76973e+06
1766 9.22894e+06
1767 1.00469e+07
1768 1.00245e+07
1769 8.85874e+06
1770 8.26616e+06
1771 9.16554e+06
1772 8.51623e+06
1773 8.35868e+06
1774 8.60869e+06
1775 8.62872e+06
1776 8.32455e+06
1777 8.78344e+06
1778 8.56839e+06
1779 8.80919e+06
1780 8.95713e+06
1781 9.04233e+06
1782 8.5698e+06
1783 8.75134e+06
1784 8.39053e+06
1785 8.57389e+06
1786 8.90601e+06
1787 1.06246e+07
1788 1.08489e+07
1789 1.09066e+07
1790 1.19584e+07
1791 1.16517e+07
1792 1.09133e+07
1793 1.15484e+07
1794 1.14632e+07
1795 1.16351e+07
1796 1.13614e+07
1797 1.1104e+07
1798 1.06201e+07
1799 1.09796e+07
1800 1.1616e+07
1801 1.10866e+07
1802 1.0934e+07
1803 1.18061e+07
1804 1.12037e+07
1805 1.1401e+07
1806 1.12795e+07
1807 1.04894e+07
1808 1.03368e+07
1809 1.09534e+07
1810 1.1536e+07
1811 1.11031e+07
1812 1.11659e+07
1813 1.13799e+07
1814 1.18026e+07
1815 1.26915e+07
1816 1.1381e+07
1817 1.12995e+07
1818 8.7689e+06
1819 8.89026e+06
1820 8.46538e+06
1821 8.48149e+06
1822 8.15959e+06
1823 8.57139e+06
1824 8.66127e+06
1825 8.94738e+06
1826 9.7821e+06
1827 9.35956e+06
1828 8.47978e+06
1829 8.38095e+06
1830 9.0839e+06
1831 9.41629e+06
1832 8.71675e+06
1833 7.42064e+06
1834 7.20117e+06
1835 7.42689e+06
1836 8.17289e+06
1837 7.37004e+06
1838 7.78424e+06
1839 7.55751e+06
1840 7.31801e+06
1841 7.34955e+06
1842 8.22546e+06
1843 7.53684e+06
1844 7.4316e+06
1845 7.44061e+06
1846 7.62046e+06
1847 7.81729e+06
1848 7.56222e+06
1849 7.26778e+06
1850 7.22474e+06
1851 7.55522e+06
1852 7.48968e+06
1853 7.57216e+06
1854 7.4801e+06
1855 7.65399e+06
1856 7.6236e+06
1857 7.62824e+06
1858 7.51653e+06
1859 7.75189e+06
1860 7.501e+06
1861 7.83455e+06
1862 7.48559e+06
1863 7.51415e+06
1864 7.33118e+06
1865 7.54275e+06
1866 7.44253e+06
1867 7.47883e+06
1868 7.73824e+06
1869 7.65391e+06
1870 7.6216e+06
1871 8.12605e+06
1872 7.81343e+06
1873 8.02135e+06
1874 7.41763e+06
1875 7.91128e+06
1876 7.73428e+06
1877 8.05296e+06
1878 7.93378e+06
1879 7.74553e+06
1880 7.64702e+06
1881 7.83485e+06
1882 7.51821e+06
1883 7.94339e+06
1884 8.64489e+06
1885 8.06187e+06
1886 8.35843e+06
1887 8.63355e+06
1888 8.03386e+06
1889 8.45033e+06
1890 8.1106e+06
1891 8.23206e+06
1892 8.30702e+06
1893 8.14801e+06
1894 8.32393e+06
1895 8.00292e+06
1896 9.0847e+06
1897 9.15082e+06
1898 9.67521e+06
1899 1.17977e+07
1900 1.2757e+07
1901 1.22902e+07
1902 1.22376e+07
1903 1.14519e+07
1904 9.90376e+06
1905 9.44932e+06
1906 9.77955e+06
1907 1.00034e+07
1908 9.34831e+06
1909 9.3314e+06
1910 1.00475e+07
1911 1.00352e+07
1912 1.0226e+07
1913 1.00615e+07
1914 9.8706e+06
1915 1.04054e+07
1916 1.02534e+07
1917 1.06497e+07
1918 1.24109e+07
1919 1.217e+07
1920 1.06668e+07
1921 8.70497e+06
1922 8.04253e+06
1923 8.39591e+06
1924 8.49748e+06
1925 8.36234e+06
1926 8.96825e+06
1927 8.63832e+06
1928 8.89662e+06
1929 9.45459e+06
1930 9.61408e+06
1931 9.73653e+06
1932 9.99863e+06
1933 1.02975e+07
1934 1.07046e+07
1935 9.22725e+06
1936 1.03199e+07
1937 9.72501e+06
1938 9.75219e+06
1939 9.73387e+06
1940 9.03405e+06
1941 9.03823e+06
1942 9.39931e+06
1943 1.08568e+07
1944 1.12701e+07
1945 8.83041e+06
1946 8.30281e+06
1947 8.93919e+06
1948 8.37809e+06
1949 9.21231e+06
1950 9.03264e+06
1951 8.28693e+06
1952 9.47635e+06
1953 1.01512e+07
1954 9.65947e+06
1955 9.40382e+06
1956 8.63086e+06
1957 9.32967e+06
1958 9.27716e+06
1959 8.35154e+06
1960 9.97883e+06
1961 9.46485e+06
1962 1.26118e+07
1963 1.18649e+07
1964 1.25726e+07
1965 1.10425e+07
1966 1.06625e+07
1967 1.05619e+07
1968 1.16293e+07
1969 1.1183e+07
1970 1.1104e+07
1971 1.09144e+07
1972 1.1502e+07
1973 1.12425e+07
1974 1.11062e+07
1975 1.06482e+07
1976 1.08576e+07
1977 1.04129e+07
1978 1.09416e+07
1979 1.03945e+07
1980 1.13217e+07
1981 1.06738e+07
1982 9.85476e+06
1983 1.07182e+07
1984 1.05342e+07
1985 1.0893e+07
1986 1.12334e+07
1987 1.0702e+07
1988 1.08116e+07
1989 1.09055e+07
1990 1.01888e+07
1991 1.11427e+07
1992 1.13898e+07
1993 1.27961e+07
1994 1.45523e+07
1995 1.3768e+07
1996 1.45907e+07
1997 1.43244e+07
1998 1.47123e+07
1999 1.4377e+07
2000 1.5424e+07
2001 1.49831e+07
2002 1.4623e+07
2003 1.39059e+07
2004 1.35015e+07
2005 1.34611e+07
2006 1.3365e+07
2007 1.46461e+07
2008 1.39673e+07
2009 1.4052e+07
2010 1.34567e+07
2011 1.38737e+07
2012 1.46746e+07
2013 1.47039e+07
2014 1.46676e+07
2015 1.38985e+07
2016 1.51312e+07
2017 1.40751e+07
2018 1.32838e+07
2019 1.25992e+07
2020 1.1248e+07
2021 1.07337e+07
2022 1.06827e+07
2023 1.03162e+07
2024 1.03442e+07
2025 1.05226e+07
2026 1.04231e+07
2027 1.0879e+07
2028 1.18048e+07
2029 1.10446e+07
2030 1.21009e+07
2031 1.1257e+07
2032 1.01114e+07
2033 1.04198e+07
2034 1.02882e+07
2035 1.02002e+07
2036 9.41748e+06
2037 1.07696e+07
2038 9.80909e+06
2039 9.0586e+06
2040 9.80056e+06
2041 1.01372e+07
2042 1.07824e+07
2043 1.13403e+07
2044 9.56024e+06
2045 9.7537e+06
2046 9.87051e+06
2047 9.82475e+06
2048 9.16718e+06
2049 9.32273e+06
2050 9.21302e+06
2051 9.61915e+06
2052 9.35476e+06
2053 9.40888e+06
2054 9.68325e+06
2055 9.78434e+06
2056 1.01842e+07
2057 1.1093e+07
2058 1.28391e+07
2059 1.25502e+07
2060 1.22921e+07
2061 1.06829e+07
2062 1.00299e+07
2063 1.02995e+07
2064 9.78061e+06
2065 9.16956e+06
2066 9.73289e+06
2067 9.96539e+06
2068 9.97568e+06
2069 9.85813e+06
2070 9.97825e+06
2071 9.98014e+06
2072 1.03452e+07
2073 9.97523e+06
2074 9.91556e+06
2075 9.94433e+06
2076 9.73761e+06
2077 9.65458e+06
2078 9.67987e+06
2079 9.60444e+06
2080 9.75127e+06
2081 9.35867e+06
2082 9.15178e+06
2083 9.64332e+06
2084 9.34575e+06
2085 9.54364e+06
2086 9.54694e+06
2087 9.79717e+06
2088 9.56305e+06
2089 9.41229e+06
2090 9.20202e+06
2091 9.36256e+06
2092 9.955e+06
2093 1.01865e+07
2094 1.10477e+07
2095 1.17235e+07
2096 1.13689e+07
2097 1.09858e+07
2098 9.62484e+06
2099 9.91714e+06
2100 9.75349e+06
2101 9.71141e+06
2102 9.56761e+06
2103 9.38956e+06
2104 9.82742e+06
2105 9.69912e+06
2106 9.61974e+06
2107 9.465e+06
2108 9.66262e+06
2109 9.4092e+06
2110 9.56698e+06
2111 9.50772e+06
2112 9.78951e+06
2113 9.87457e+06
2114 1.02202e+07
2115 9.85115e+06
2116 9.5203e+06
2117 1.03879e+07
2118 9.79692e+06
2119 9.87326e+06
2120 9.97047e+06
2121 9.8985e+06
2122 1.02016e+07
2123 9.94492e+06
2124 1.01141e+07
2125 1.03773e+07
2126 1.01084e+07
2127 9.73848e+06
2128 9.83162e+06
2129 1.01595e+07
2130 9.91456e+06
2131 9.8007e+06
2132 1.08694e+07
2133 1.54557e+07
2134 1.56015e+07
2135 1.44397e+07
2136 1.44701e+07
2137 1.41237e+07
2138 1.16442e+07
2139 1.23688e+07
2140 1.2748e+07
2141 1.46199e+07
2142 1.4763e+07
2143 1.40682e+07
2144 1.17436e+07
2145 1.10944e+07
2146 1.06454e+07
2147 1.0542e+07
2148 1.03883e+07
2149 1.05013e+07
2150 1.02913e+07
2151 1.02402e+07
2152 1.03443e+07
2153 1.02706e+07
2154 1.01137e+07
2155 1.03121e+07
2156 9.99487e+06
2157 1.13406e+07
2158 1.29727e+07
2159 1.4414e+07
2160 1.44258e+07
2161 1.42368e+07
2162 1.15357e+07
2163 1.04426e+07
2164 1.14535e+07
2165 1.14526e+07
2166 1.08243e+07
2167 1.14642e+07
2168 1.12291e+07
2169 1.07057e+07
2170 9.94464e+06
2171 1.06196e+07
2172 1.1519e+07
2173 1.13243e+07
2174 1.10871e+07
2175 1.06119e+07
2176 1.03559e+07
2177 1.0434e+07
2178 1.14793e+07
2179 1.12019e+07
2180 1.03312e+07
2181 1.05487e+07
2182 9.98611e+06
2183 1.17979e+07
2184 1.18501e+07
2185 1.07835e+07
2186 1.04329e+07
2187 1.06281e+07
2188 1.03816e+07
2189 1.03261e+07
2190 1.0266e+07
2191 1.10868e+07
2192 1.10423e+07
2193 1.10426e+07
2194 1.10403e+07
2195 1.23113e+07
2196 1.53717e+07
2197 1.57768e+07
2198 1.70795e+07
2199 1.41141e+07
2200 1.60128e+07
2201 1.35295e+07
2202 1.16755e+07
2203 1.29772e+07
2204 1.34459e+07
2205 1.25489e+07
2206 1.19372e+07
2207 1.38654e+07
2208 1.3045e+07
2209 1.22504e+07
2210 1.32172e+07
2211 1.6158e+07
2212 1.43471e+07
2213 1.45514e+07
2214 1.26679e+07
2215 1.154e+07
2216 1.20533e+07
2217 1.19751e+07
2218 1.20049e+07
2219 1.22259e+07
2220 1.22213e+07
2221 1.10389e+07
2222 1.19456e+07
2223 1.24233e+07
2224 1.1466e+07
2225 1.0717e+07
2226 1.25441e+07
2227 1.22529e+07
2228 1.29621e+07
2229 1.47108e+07
2230 1.20891e+07
2231 1.25846e+07
2232 1.26631e+07
2233 1.34976e+07
2234 1.2653e+07
2235 1.31062e+07
2236 1.15034e+07
2237 1.25478e+07
2238 1.34406e+07
2239 1.42251e+07
2240 1.63225e+07
2241 1.44669e+07
2242 1.22951e+07
2243 1.6969e+07
2244 1.71433e+07
2245 1.68278e+07
2246 1.53566e+07
2247 1.53322e+07
2248 1.48267e+07
2249 1.34737e+07
2250 1.34841e+07
2251 1.39089e+07
2252 1.51371e+07
2253 1.46091e+07
2254 1.48426e+07
2255 1.47553e+07
2256 1.47924e+07
2257 1.31954e+07
2258 1.33994e+07
2259 1.3947e+07
2260 1.39315e+07
2261 1.39689e+07
2262 1.33909e+07
2263 1.45125e+07
2264 1.37543e+07
2265 1.33508e+07
2266 1.22e+07
2267 1.19643e+07
2268 1.16037e+07
2269 1.18763e+07
2270 1.41238e+07
2271 1.68506e+07
2272 1.66986e+07
2273 1.43174e+07
2274 1.29082e+07
2275 1.41175e+07
2276 1.43195e+07
2277 1.58712e+07
2278 1.79389e+07
2279 1.76791e+07
2280 1.65602e+07
2281 1.53055e+07
2282 1.55909e+07
2283 1.5355e+07
2284 1.67578e+07
2285 1.56315e+07
2286 1.29416e+07
2287 1.34048e+07
2288 1.60897e+07
2289 1.72191e+07
2290 1.26303e+07
2291 1.23553e+07
2292 1.16625e+07
2293 1.32842e+07
2294 1.19458e+07
2295 1.29557e+07
2296 1.19374e+07
2297 1.2839e+07
2298 1.68137e+07
2299 1.65107e+07
2300 1.73186e+07
2301 1.73893e+07
2302 1.60629e+07
2303 1.54994e+07
2304 1.42332e+07
2305 1.46233e+07
2306 1.37427e+07
2307 1.38644e+07
2308 1.45474e+07
2309 1.43961e+07
2310 1.60867e+07
2311 1.80705e+07
2312 2.04211e+07
2313 1.92905e+07
2314 1.87166e+07
2315 2.0176e+07
2316 1.91667e+07
2317 1.94394e+07
2318 1.9124e+07
2319 1.90232e+07
2320 1.84259e+07
2321 1.94403e+07
2322 1.99158e+07
2323 1.94563e+07
2324 1.77631e+07
2325 1.83859e+07
2326 1.95896e+07
2327 1.83658e+07
2328 1.99924e+07
2329 1.99412e+07
2330 1.64691e+07
2331 1.48523e+07
2332 1.51702e+07
2333 1.44988e+07
2334 1.3846e+07
2335 1.42076e+07
2336 1.45523e+07
2337 1.47377e+07
2338 1.46323e+07
2339 1.38114e+07
2340 1.22856e+07
2341 1.25301e+07
2342 1.1905e+07
2343 1.40649e+07
2344 1.36345e+07
2345 1.39279e+07
2346 1.28349e+07
2347 1.38798e+07
2348 1.41189e+07
2349 1.3356e+07
2350 1.75823e+07
2351 1.63715e+07
2352 1.57969e+07
2353 1.32124e+07
2354 1.2916e+07
2355 1.31966e+07
2356 1.32393e+07
2357 1.70993e+07
2358 1.62137e+07
2359 1.61917e+07
2360 1.45332e+07
2361 1.21585e+07
2362 1.23994e+07
2363 1.28946e+07
2364 1.34094e+07
2365 1.30818e+07
2366 1.31367e+07
2367 1.27394e+07
2368 1.30058e+07
2369 1.32058e+07
2370 1.26762e+07
2371 1.26248e+07
2372 1.28676e+07
2373 1.2583e+07
2374 1.24155e+07
2375 1.26994e+07
2376 1.25619e+07
2377 1.20648e+07
2378 1.23861e+07
2379 1.28267e+07
2380 1.26508e+07
2381 1.28511e+07
2382 1.50416e+07
2383 1.51412e+07
2384 1.39017e+07
2385 1.27101e+07
2386 1.22716e+07
2387 1.2438e+07
2388 1.24702e+07
2389 1.23319e+07
2390 1.22093e+07
2391 1.25775e+07
2392 1.28763e+07
2393 1.23908e+07
2394 1.23648e+07
2395 1.29534e+07
2396 1.22486e+07
2397 1.25346e+07
2398 1.22681e+07
2399 1.2731e+07
2400 1.23197e+07
2401 1.26939e+07
2402 1.27974e+07
2403 1.23417e+07
2404 1.24232e+07
2405 1.31626e+07
2406 1.2442e+07
2407 1.27294e+07
2408 1.25908e+07
2409 1.28516e+07
2410 1.27462e+07
2411 1.30457e+07
2412 1.32744e+07
2413 1.27892e+07
2414 1.26217e+07
2415 1.27856e+07
2416 1.26098e+07
2417 1.35609e+07
2418 1.29503e+07
2419 1.26785e+07
2420 1.28689e+07
2421 1.33937e+07
2422 1.32065e+07
2423 1.31492e+07
2424 1.35292e+07
2425 1.37629e+07
2426 1.60524e+07
2427 1.61677e+07
2428 1.35542e+07
2429 1.34341e+07
2430 1.3168e+07
2431 1.37043e+07
2432 1.49315e+07
2433 1.35063e+07
2434 1.2546e+07
2435 1.303e+07
2436 1.26937e+07
2437 1.29482e+07
2438 1.27851e+07
2439 1.31986e+07
2440 1.28825e+07
2441 1.32378e+07
2442 1.34344e+07
2443 1.37985e+07
2444 1.31616e+07
2445 1.29899e+07
2446 1.36817e+07
2447 1.44743e+07
2448 1.81604e+07
2449 1.84366e+07
2450 1.81421e+07
2451 1.74674e+07
2452 1.71941e+07
2453 1.59815e+07
2454 1.97661e+07
2455 1.95657e+07
2456 1.86596e+07
2457 1.73712e+07
2458 1.3444e+07
2459 1.31965e+07
2460 1.31848e+07
2461 1.65197e+07
2462 1.85255e+07
2463 1.83761e+07
2464 1.58172e+07
2465 1.86998e+07
2466 1.83245e+07
2467 1.61336e+07
2468 1.47302e+07
2469 1.36282e+07
2470 1.31768e+07
2471 1.39366e+07
2472 1.46841e+07
2473 1.42682e+07
2474 1.43533e+07
2475 1.49267e+07
2476 1.48128e+07
2477 1.64593e+07
2478 1.69597e+07
2479 2.01011e+07
2480 1.99693e+07
2481 1.47155e+07
2482 1.37512e+07
2483 1.47189e+07
2484 1.60502e+07
2485 1.91922e+07
2486 1.86813e+07
2487 2.06203e+07
2488 1.88924e+07
2489 1.94969e+07
2490 1.89207e+07
2491 1.83265e+07
2492 1.54189e+07
2493 1.39765e+07
2494 1.43193e+07
2495 1.35594e+07
2496 1.61201e+07
2497 1.47522e+07
2498 1.38106e+07
2499 1.46874e+07
2500 1.47844e+07
2501 1.40072e+07
2502 1.55084e+07
2503 1.49042e+07
2504 1.48818e+07
2505 1.61234e+07
2506 1.39493e+07
2507 1.4972e+07
2508 1.47514e+07
2509 1.53272e+07
2510 1.55967e+07
2511 1.60384e+07
2512 1.7981e+07
2513 2.00924e+07
2514 1.80844e+07
2515 1.94551e+07
2516 1.84638e+07
2517 2.03346e+07
2518 1.73913e+07
2519 1.77029e+07
2520 1.72172e+07
2521 1.7433e+07
2522 1.59109e+07
2523 1.68998e+07
2524 1.70719e+07
2525 1.70738e+07
2526 1.6307e+07
2527 1.709e+07
2528 1.64957e+07
2529 1.39587e+07
2530 1.4098e+07
2531 1.68478e+07
2532 1.87191e+07
2533 1.53984e+07
2534 1.55587e+07
2535 1.4143e+07
2536 1.6968e+07
2537 1.69708e+07
2538 1.79089e+07
2539 1.6839e+07
2540 1.72968e+07
2541 1.52663e+07
2542 1.58998e+07
2543 1.38329e+07
2544 1.37022e+07
2545 1.495e+07
2546 1.64494e+07
2547 1.53798e+07
2548 1.46044e+07
2549 1.51264e+07
2550 1.65372e+07
2551 1.59892e+07
2552 1.472e+07
2553 1.42389e+07
2554 1.53913e+07
2555 1.5708e+07
2556 1.55483e+07
2557 1.73527e+07
2558 2.10808e+07
2559 1.74148e+07
2560 1.89203e+07
2561 1.9681e+07
2562 1.8429e+07
2563 1.65065e+07
2564 1.60185e+07
2565 1.65586e+07
2566 1.47898e+07
2567 1.46411e+07
2568 1.50154e+07
2569 1.62108e+07
2570 1.53556e+07
2571 1.57844e+07
2572 1.5397e+07
2573 1.50923e+07
2574 1.43769e+07
2575 1.48036e+07
2576 1.70037e+07
2577 1.60516e+07
2578 1.64739e+07
2579 2.05807e+07
2580 2.01897e+07
2581 2.14475e+07
2582 1.77404e+07
2583 2.19353e+07
2584 2.13681e+07
2585 1.96017e+07
2586 1.85988e+07
2587 1.80456e+07
2588 1.64026e+07
2589 1.51304e+07
2590 1.50856e+07
2591 1.58814e+07
2592 1.52486e+07
2593 1.53747e+07
2594 1.46414e+07
2595 1.57602e+07
2596 1.59184e+07
2597 1.50126e+07
2598 1.46637e+07
2599 1.69675e+07
2600 1.6357e+07
2601 1.52487e+07
2602 1.53181e+07
2603 1.734e+07
2604 1.44303e+07
2605 1.64636e+07
2606 1.67224e+07
2607 1.68937e+07
2608 1.64774e+07
2609 2.111e+07
2610 2.03094e+07
2611 1.97605e+07
2612 2.01635e+07
2613 1.98222e+07
2614 1.96242e+07
2615 1.99352e+07
2616 1.95935e+07
2617 1.8964e+07
2618 2.1327e+07
2619 2.03298e+07
2620 1.94464e+07
2621 1.8185e+07
2622 1.5032e+07
2623 1.65882e+07
2624 1.80414e+07
2625 1.77275e+07
2626 1.83136e+07
2627 1.50433e+07
2628 1.5531e+07
2629 1.48921e+07
2630 1.50078e+07
2631 1.51605e+07
2632 1.44728e+07
2633 1.48508e+07
2634 1.47649e+07
2635 1.57438e+07
2636 1.50332e+07
2637 1.5114e+07
2638 1.43066e+07
2639 1.61657e+07
2640 1.45178e+07
2641 1.49861e+07
2642 1.51146e+07
2643 1.5881e+07
2644 1.5659e+07
2645 1.59866e+07
2646 1.4949e+07
2647 1.70295e+07
2648 2.24185e+07
2649 2.04105e+07
2650 2.03122e+07
2651 2.21428e+07
2652 2.074e+07
2653 2.08226e+07
2654 1.71982e+07
2655 1.74131e+07
2656 1.68854e+07
2657 1.64769e+07
2658 1.66379e+07
2659 1.97108e+07
2660 2.62406e+07
2661 2.40472e+07
2662 2.52451e+07
2663 2.55645e+07
2664 2.44817e+07
2665 2.36754e+07
2666 2.45932e+07
2667 2.46658e+07
2668 2.50926e+07
2669 2.54056e+07
2670 2.54531e+07
2671 2.52366e+07
2672 2.44393e+07
2673 2.45982e+07
2674 2.35243e+07
2675 2.39943e+07
2676 2.72839e+07
2677 2.86206e+07
2678 2.89533e+07
2679 2.83965e+07
2680 2.66794e+07
2681 2.67888e+07
2682 2.5388e+07
2683 2.61092e+07
2684 2.54573e+07
2685 2.69597e+07
2686 2.69947e+07
2687 2.30857e+07
2688 2.36531e+07
2689 2.38371e+07
2690 2.37985e+07
2691 2.16967e+07
2692 2.30768e+07
2693 2.28747e+07
2694 2.01124e+07
2695 1.83047e+07
2696 1.60692e+07
2697 1.64595e+07
2698 1.56982e+07
2699 1.61198e+07
2700 1.61307e+07
2701 1.66118e+07
2702 1.63611e+07
2703 1.60233e+07
2704 1.58362e+07
2705 1.61998e+07
2706 1.57441e+07
2707 1.64462e+07
2708 1.64792e+07
2709 1.57429e+07
2710 1.59848e+07
2711 1.64239e+07
2712 1.59964e+07
2713 1.60873e+07
2714 1.59408e+07
2715 1.62958e+07
2716 1.59692e+07
2717 1.61991e+07
2718 1.6729e+07
2719 1.63333e+07
2720 1.69799e+07
2721 1.95426e+07
2722 1.85218e+07
2723 1.70523e+07
2724 1.69402e+07
2725 1.76539e+07
2726 1.70534e+07
2727 1.69087e+07
2728 1.68188e+07
2729 1.78378e+07
2730 1.67176e+07
2731 1.70065e+07
2732 1.64693e+07
2733 1.63138e+07
2734 2.00038e+07
2735 2.40265e+07
2736 2.45597e+07
2737 2.21976e+07
2738 1.94654e+07
2739 1.92771e+07
2740 1.9563e+07
2741 1.99825e+07
2742 2.05057e+07
2743 2.59289e+07
2744 2.21412e+07
2745 1.85928e+07
2746 1.8729e+07
2747 1.84802e+07
2748 1.95312e+07
2749 2.26958e+07
2750 2.27933e+07
2751 2.05233e+07
2752 2.20435e+07
2753 2.5401e+07
2754 2.31482e+07
2755 1.99871e+07
2756 1.77181e+07
2757 1.93573e+07
2758 2.66284e+07
2759 2.41718e+07
2760 2.61652e+07
2761 2.71682e+07
2762 2.56689e+07
2763 2.77493e+07
2764 2.52645e+07
2765 2.51419e+07
2766 2.48676e+07
2767 2.62279e+07
2768 2.63893e+07
2769 2.77531e+07
2770 2.76658e+07
2771 2.55675e+07
2772 2.59092e+07
2773 2.76505e+07
2774 2.54466e+07
2775 2.48924e+07
2776 2.68365e+07
2777 2.64063e+07
2778 2.54645e+07
2779 2.07724e+07
2780 2.27885e+07
2781 2.29042e+07
2782 1.97044e+07
2783 1.88183e+07
2784 1.89455e+07
2785 1.78012e+07
2786 1.83816e+07
2787 1.74544e+07
2788 1.69674e+07
2789 1.6802e+07
2790 1.69009e+07
2791 1.656e+07
2792 1.66939e+07
2793 1.92559e+07
2794 1.82096e+07
2795 1.81649e+07
2796 1.7735e+07
2797 1.78498e+07
2798 1.7651e+07
2799 1.79103e+07
2800 1.82107e+07
2801 1.78651e+07
2802 1.7923e+07
2803 1.70876e+07
2804 1.71258e+07
2805 1.73125e+07
2806 1.70005e+07
2807 1.87034e+07
2808 1.91367e+07
2809 1.77098e+07
2810 1.7063e+07
2811 1.74668e+07
2812 1.84671e+07
2813 2.22367e+07
2814 2.15681e+07
2815 1.87743e+07
2816 2.19094e+07
2817 2.59208e+07
2818 2.41747e+07
2819 2.57606e+07
2820 2.02329e+07
2821 1.96695e+07
2822 2.01887e+07
2823 2.25532e+07
2824 2.43981e+07
2825 2.51002e+07
2826 2.11635e+07
2827 2.00856e+07
2828 1.93558e+07
2829 1.94358e+07
2830 1.93908e+07
2831 2.03271e+07
2832 2.11675e+07
2833 2.44109e+07
2834 2.16478e+07
2835 1.86521e+07
2836 1.84017e+07
2837 1.97844e+07
2838 1.784e+07
2839 1.81112e+07
2840 1.75734e+07
2841 1.78352e+07
2842 1.81649e+07
2843 1.77105e+07
2844 1.97366e+07
2845 1.85302e+07
2846 1.80049e+07
2847 1.82759e+07
2848 1.78183e+07
2849 1.77732e+07
2850 1.75382e+07
2851 1.81326e+07
2852 1.76714e+07
2853 1.79261e+07
2854 1.75642e+07
2855 1.7856e+07
2856 1.77486e+07
2857 1.79051e+07
2858 1.95844e+07
2859 1.82885e+07
2860 1.85096e+07
2861 2.4765e+07
2862 2.33825e+07
2863 2.30465e+07
2864 2.15335e+07
2865 2.0499e+07
2866 1.77859e+07
2867 1.82013e+07
2868 1.77277e+07
2869 1.80335e+07
2870 2.40492e+07
2871 2.46097e+07
2872 2.43784e+07
2873 2.01828e+07
2874 1.84205e+07
2875 1.93974e+07
2876 1.8791e+07
2877 2.44137e+07
2878 2.34145e+07
2879 2.44086e+07
2880 2.32279e+07
2881 2.39273e+07
2882 2.62398e+07
2883 2.59755e+07
2884 2.29232e+07
2885 2.01292e+07
2886 1.98139e+07
2887 1.98603e+07
2888 2.15554e+07
2889 2.9509e+07
2890 2.87568e+07
2891 3.05229e+07
2892 2.95109e+07
2893 2.86752e+07
2894 3.06553e+07
2895 3.2107e+07
2896 2.88449e+07
2897 2.84589e+07
2898 2.68606e+07
2899 2.98128e+07
2900 3.24703e+07
2901 2.98792e+07
2902 3.02272e+07
2903 3.33191e+07
2904 2.96717e+07
2905 3.05898e+07
2906 3.05304e+07
2907 3.48373e+07
2908 3.00619e+07
2909 2.97626e+07
2910 3.22518e+07
2911 3.16872e+07
2912 3.28679e+07
2913 2.83835e+07
2914 3.16054e+07
2915 3.02969e+07
2916 2.56207e+07
2917 2.4322e+07
2918 2.86383e+07
2919 2.80487e+07
2920 2.545e+07
2921 2.68241e+07
2922 2.65226e+07
2923 2.87449e+07
2924 2.69728e+07
2925 2.79585e+07
2926 2.32222e+07
2927 2.58332e+07
2928 2.94091e+07
2929 2.72e+07
2930 2.59374e+07
2931 2.39208e+07
2932 2.05051e+07
2933 1.96501e+07
2934 2.04884e+07
2935 2.12987e+07
2936 2.80833e+07
2937 2.9774e+07
2938 2.41733e+07
2939 2.22915e+07
2940 2.41881e+07
2941 2.39307e+07
2942 2.2378e+07
2943 2.5629e+07
2944 2.96567e+07
2945 2.89754e+07
2946 2.11949e+07
2947 2.3482e+07
2948 2.66849e+07
2949 2.64241e+07
2950 2.67186e+07
2951 2.54758e+07
2952 2.61566e+07
2953 2.37663e+07
2954 1.88962e+07
2955 1.91307e+07
2956 2.13744e+07
2957 2.28694e+07
2958 2.71586e+07
2959 2.60796e+07
2960 2.31043e+07
2961 2.14571e+07
2962 2.03409e+07
2963 1.97845e+07
2964 1.91533e+07
2965 1.94307e+07
2966 1.89904e+07
2967 1.90314e+07
2968 2.0759e+07
2969 1.92553e+07
2970 1.9106e+07
2971 1.87137e+07
2972 1.9017e+07
2973 1.91888e+07
2974 1.991e+07
2975 1.84029e+07
2976 1.91671e+07
2977 2.24255e+07
2978 2.26548e+07
2979 2.09754e+07
2980 2.08273e+07
2981 1.86561e+07
2982 1.97952e+07
2983 1.92693e+07
2984 1.93418e+07
2985 2.00209e+07
2986 2.0169e+07
2987 1.99169e+07
2988 1.92179e+07
2989 1.89494e+07
2990 1.88213e+07
2991 1.92332e+07
2992 2.1906e+07
2993 2.13155e+07
2994 2.08183e+07
2995 2.01231e+07
2996 2.17964e+07
2997 2.07012e+07
2998 2.26359e+07
2999 2.75397e+07
3000 2.56483e+07
